-0.0 -495.0 -382.26 -0.0 -0.0 -0.0 -0.0 -0.0 -0.0 -0.0 <END>
-0.0 -495.0 -395.11 -0.0 -0.0 -0.0 -0.0 -0.0 -0.0 -0.0 -0.0 <END>
-0.0 -495.0 -378.52 -0.0 -0.0 -0.0 -0.0 -0.0 -0.0 -0.0 <END>
-0.0 -495.0 -391.04 -0.0 -0.0 -0.0 -0.0 -0.0 -0.0 -0.0 <END>
-0.0 -495.0 -383.06 -0.0 -0.0 -0.0 -0.0 -0.0 -0.0 -0.0 <END>
-0.0 -495.0 -387.88 -0.0 -0.0 -0.0 -0.0 -0.0 -0.0 -0.0 <END>
-0.0 -495.0 -388.18 -0.0 -0.0 -0.0 -0.0 -0.0 -0.0 -0.0 <END>
-0.0 -495.0 -388.79 -0.0 -0.0 -0.0 -0.0 -0.0 -0.0 -0.0 <END>
-0.0 -495.0 -382.08 -0.0 -0.0 -0.0 -0.0 -0.0 -0.0 -0.0 <END>
-0.0 -495.0 -392.25 -0.0 -0.0 -0.0 -0.0 -0.0 -0.0 -0.0 <END>
-0.0 -495.0 -384.72 -0.0 -0.0 -0.0 -0.0 -0.0 -0.0 -0.0 <END>
-0.0 -495.0 -379.01 -0.0 -0.0 -0.0 -0.0 -0.0 -0.0 -0.0 <END>
-0.0 -495.0 -389.1 -0.0 -0.0 -0.0 -0.0 -0.0 -0.0 -0.0 <END>
-0.0 -495.0 -379.51 -0.0 -0.0 -0.0 -0.0 -0.0 -0.0 -0.0 <END>
-0.0 -495.0 -382.93 -0.0 -0.0 -0.0 -0.0 -0.0 -0.0 -0.0 <END>
-0.0 -495.0 -385.17 -0.0 -0.0 -0.0 -0.0 -0.0 -0.0 -0.0 <END>
-0.0 -495.0 -385.75 -13.5 -0.0 -0.0 -0.0 -0.0 -0.0 -0.0 <END>
-0.0 -495.0 -380.61 -0.0 -0.0 -0.0 -0.0 -0.0 -0.0 -0.0 <END>
-0.0 -495.0 -386.72 -13.5 -0.0 -0.0 -0.0 -0.0 -0.0 -0.0 <END>
-0.0 -495.0 -390.44 -11.7 -0.0 -0.0 -0.0 -0.0 -0.0 -0.0 <END>
-0.0 -495.0 -387.41 -13.5 -0.0 -0.0 -0.0 -0.0 -0.0 -0.0 <END>
-0.0 -495.0 -376.04 -0.0 -0.0 -0.0 -0.0 -0.0 -0.0 -0.0 <END>
-0.0 -495.0 -380.72 -13.5 -0.0 -0.0 -0.0 -0.0 -0.0 -0.0 <END>
-0.0 -495.0 -379.76 -13.5 -0.0 -0.0 -0.0 -0.0 -0.0 -0.0 <END>
-0.0 -495.0 -384.2 -15.3 -0.0 -0.0 -0.0 -0.0 -0.0 -0.0 <END>
-0.0 -495.0 -379.71 -74.7 -0.0 -0.0 -0.0 -0.0 -0.0 -0.0 <END>
-0.0 -495.0 -374.8 -0.0 -0.0 -0.0 -0.0 -0.0 -0.0 -0.0 <END>
-0.0 -495.0 -386.02 -135.9 -0.0 -0.0 -0.0 -0.0 -0.0 -0.0 <END>
-0.0 -495.0 -378.16 -14.4 -0.0 -0.0 -0.0 -0.0 -0.0 -0.0 <END>
-0.0 -495.0 -382.17 -15.3 -0.0 -0.0 -0.0 -0.0 -0.0 -0.0 <END>
-0.0 -495.0 -380.92 -72.9 -0.0 -0.0 -0.0 -0.0 -0.0 -0.0 <END>
-0.0 -495.0 -384.3 -193.5 -0.0 -0.0 -0.0 -0.0 -0.0 -0.0 <END>
-0.0 -495.0 -372.03 -11.7 -0.0 -0.0 -0.0 -0.0 -0.0 -0.0 <END>
-0.0 -495.0 -378.59 -73.8 -0.0 -0.0 -0.0 -0.0 -0.0 -0.0 <END>
-0.0 -495.0 -373.86 -0.0 -0.0 -0.0 -0.0 -0.0 -0.0 -0.0 <END>
-0.0 -495.0 -385.1 -194.4 -0.0 -0.0 -0.0 -0.0 -0.0 -0.0 <END>
-0.0 -495.0 -374.11 -75.6 -0.0 -0.0 -0.0 -0.0 -0.0 -0.0 <END>
-0.0 -495.0 -376.35 -195.3 -0.0 -0.0 -0.0 -0.0 -0.0 -0.0 <END>
-0.0 -495.0 -380.09 -193.5 -0.0 -0.0 -0.0 -0.0 -0.0 -0.0 <END>
-0.0 -495.0 -377.89 -495.0 -0.0 -0.0 -0.0 -0.0 -0.0 -0.0 <END>
-0.0 -495.0 -383.44 -254.7 -0.0 -0.0 -0.0 -0.0 -0.0 -0.0 <END>
-0.0 -495.0 -374.87 -134.1 -0.0 -0.0 -0.0 -0.0 -0.0 -0.0 <END>
-0.0 -495.0 -381.46 -193.5 -0.0 -0.0 -0.0 -0.0 -0.0 -0.0 <END>
-0.0 -495.0 -383.27 -374.4 -0.0 -0.0 -0.0 -0.0 -0.0 -0.0 <END>
-0.0 -495.0 -376.9 -74.7 -0.0 -0.0 -0.0 -0.0 -0.0 -0.0 <END>
-0.0 -495.0 -381.92 -254.7 -0.0 -0.0 -0.0 -0.0 -0.0 -0.0 <END>
-0.0 -495.0 -377.07 -75.6 -0.0 -0.0 -0.0 -0.0 -0.0 -0.0 <END>
-0.0 -495.0 -375.06 -254.7 -0.0 -0.0 -0.0 -0.0 -0.0 -0.0 <END>
-0.0 -495.0 -376.33 -314.1 -0.0 -0.0 -0.0 -0.0 -0.0 -0.0 <END>
-0.0 -495.0 -376.42 -195.3 -0.0 -0.0 -0.0 -0.0 -0.0 -0.0 <END>
-0.0 -495.0 -375.64 -495.0 -0.0 -0.0 -0.0 -0.0 -0.0 -0.0 <END>
-0.0 -495.0 -385.1 -375.3 -0.0 -0.0 -0.0 -0.0 -0.0 -0.0 <END>
-0.0 -495.0 -382.97 -375.3 -0.0 -0.0 -0.0 -0.0 -0.0 -0.0 <END>
-0.0 -495.0 -381.2 -194.4 -0.0 -0.0 -0.0 -0.0 -0.0 -0.0 <END>
-0.0 -495.0 -364.54 -134.1 -0.0 -0.0 -0.0 -0.0 -0.0 -0.0 <END>
-0.0 -495.0 -372.84 -193.5 -0.0 -0.0 -0.0 -0.0 -0.0 -0.0 <END>
-0.0 -495.0 -367.24 -434.7 -0.0 -0.0 -0.0 -0.0 -0.0 -0.0 <END>
-0.0 -495.0 -380.14 -374.4 -0.0 -0.0 -0.0 -0.0 -0.0 -0.0 <END>
-0.0 -495.0 -389.8 -495.0 -0.0 -0.0 -0.0 -0.0 -0.0 -0.0 <END>
-0.0 -495.0 -378.55 -374.4 -0.0 -0.0 -0.0 -0.0 -0.0 -0.0 <END>
-0.0 -495.0 -378.07 -193.5 -0.0 -0.0 -0.0 -0.0 -0.0 -0.0 <END>
-0.0 -495.0 -369.12 -134.1 -0.0 -0.0 -0.0 -0.0 -0.0 -0.0 <END>
-0.0 -495.0 -378.16 -375.3 -0.0 -0.0 -0.0 -0.0 -0.0 -0.0 <END>
-0.0 -495.0 -372.34 -253.8 -0.0 -0.0 -0.0 -0.0 -0.0 -0.0 <END>
-0.0 -495.0 -375.24 -434.7 -0.0 -0.0 -0.0 -0.0 -0.0 -0.0 <END>
-0.0 -495.0 -376.6 -495.0 -0.0 -0.0 -0.0 -0.0 -0.0 -0.0 <END>
-0.0 -495.0 -366.67 -314.1 -0.0 -0.0 -0.0 -0.0 -0.0 -0.0 <END>
-0.0 -495.0 -368.83 -495.0 -0.0 -0.0 -0.0 -0.0 -0.0 -0.0 <END>
-0.0 -495.0 -380.24 -495.0 -0.0 -0.0 -0.0 -0.0 -0.0 -0.0 <END>
-0.0 -495.0 -368.0 -314.1 -0.0 -0.0 -0.0 -0.0 -0.0 -0.0 <END>
-0.0 -495.0 -370.87 -495.0 -0.0 -0.0 -0.0 -0.0 -0.0 -0.0 <END>
-0.0 -495.0 -379.61 -495.0 -0.0 -0.0 -0.0 -0.0 -0.0 -0.0 <END>
-0.0 -495.0 -374.02 -495.0 -0.0 -0.0 -0.0 -0.0 -0.0 -0.0 <END>
-0.0 -495.0 -375.87 -495.0 -0.0 -0.0 -0.0 -0.0 -0.0 -0.0 <END>
-0.0 -495.0 -366.76 -495.0 -0.0 -0.0 -0.0 -0.0 -0.0 -0.0 <END>
-0.0 -495.0 -366.32 -435.6 -0.0 -0.0 -0.0 -0.0 -0.0 -0.0 <END>
-0.0 -495.0 -376.7 -482.81 -0.0 -0.0 -0.0 -0.0 -0.0 -0.0 <END>
-0.0 -495.0 -383.98 -495.0 -0.0 -0.0 -0.0 -0.0 -0.0 -0.0 <END>
-0.0 -495.0 -368.13 -313.2 -0.0 -0.0 -0.0 -0.0 -0.0 -0.0 <END>
-0.0 -495.0 -364.5 -434.7 -0.0 -0.0 -0.0 -0.0 -0.0 -0.0 <END>
-0.0 -495.0 -374.6 -495.0 -0.0 -0.0 -0.0 -0.0 -0.0 -0.0 <END>
-0.0 -495.0 -361.76 -434.7 -0.0 -0.0 -0.0 -0.0 -0.0 -0.0 <END>
-0.0 -495.0 -368.3 -495.0 -0.0 -0.0 -0.0 -0.0 -0.0 -0.0 <END>
-0.0 -495.0 -378.14 -473.06 -0.0 -0.0 -0.0 -0.0 -0.0 -0.0 <END>
-0.0 -495.0 -366.53 -495.0 -0.0 -0.0 -0.0 -0.0 -0.0 -0.0 <END>
-0.0 -495.0 -365.4 -495.0 -0.0 -0.0 -0.0 -0.0 -0.0 -0.0 <END>
-0.0 -495.0 -379.42 -495.0 -0.0 -0.0 -0.0 -0.0 -0.0 -0.0 <END>
-0.0 -495.0 -385.96 -495.0 -0.0 -0.0 -0.0 -0.0 -0.0 -0.0 <END>
-0.0 -495.0 -378.66 -407.22 -0.0 -0.0 -0.0 -0.0 -0.0 -0.0 <END>
-0.0 -495.0 -366.72 -433.44 -0.0 -0.0 -0.0 -0.0 -0.0 -0.0 <END>
-0.0 -495.0 -361.51 -495.0 -0.0 -0.0 -0.0 -0.0 -0.0 -0.0 <END>
-0.0 -495.0 -367.62 -444.45 -0.0 -0.0 -0.0 -0.0 -0.0 -0.0 <END>
-0.0 -495.0 -358.6 -495.0 -0.0 -0.0 -0.0 -0.0 -0.0 -0.0 <END>
-0.0 -495.0 -365.08 -477.76 -0.0 -0.0 -0.0 -0.0 -0.0 -0.0 <END>
-0.0 -495.0 -372.89 -425.61 -0.0 -0.0 -0.0 -0.0 -0.0 -0.0 <END>
-0.0 -495.0 -356.15 -495.0 -0.0 -0.0 -0.0 -0.0 -0.0 -0.0 <END>
-0.0 -495.0 -374.42 -417.82 -0.0 -0.0 -0.0 -0.0 -0.0 -0.0 <END>
-0.0 -495.0 -367.43 -452.58 -0.0 -0.0 -0.0 -0.0 -0.0 -0.0 <END>
-0.0 -495.0 -369.95 -371.7 -0.0 -0.0 -0.0 -0.0 -0.0 -0.0 <END>
-0.0 -495.0 -390.73 -404.26 -0.0 -0.0 -0.0 -0.0 -0.0 -0.0 <END>
-0.0 -495.0 -371.14 -397.11 -0.0 -0.0 -0.0 -0.0 -0.0 -0.0 <END>
-0.0 -495.0 -362.97 -495.0 -0.0 -0.0 -0.0 -0.0 -0.0 -0.0 <END>
-0.0 -495.0 -378.07 -443.13 -0.0 -0.0 -0.0 -0.0 -0.0 -0.0 <END>
-0.0 -495.0 -367.56 -495.0 -0.0 -0.0 -0.0 -0.0 -0.0 -0.0 <END>
-0.0 -495.0 -363.28 -451.03 -0.0 -0.0 -0.0 -0.0 -0.0 -0.0 <END>
-0.0 -495.0 -370.43 -393.35 -0.0 -0.0 -0.0 -0.0 -0.0 -0.0 <END>
-0.0 -495.0 -378.53 -403.85 -0.0 -0.0 -0.0 -0.0 -0.0 -0.0 <END>
-0.0 -495.0 -371.58 -455.72 -0.0 -0.0 -0.0 -0.0 -0.0 -0.0 <END>
-0.0 -495.0 -384.66 -428.35 -0.0 -0.0 -0.0 -0.0 -0.0 -0.0 <END>
-0.0 -495.0 -372.09 -434.0 -0.0 -0.0 -0.0 -0.0 -0.0 -0.0 <END>
-0.0 -495.0 -362.57 -461.73 -0.0 -0.0 -0.0 -0.0 -0.0 -0.0 <END>
-0.0 -495.0 -375.59 -459.95 -0.0 -0.0 -0.0 -0.0 -0.0 -0.0 <END>
-0.0 -495.0 -371.77 -461.24 -0.0 -0.0 -0.0 -0.0 -0.0 -0.0 <END>
-0.0 -495.0 -374.43 -387.18 -0.0 -0.0 -0.0 -0.0 -0.0 -0.0 <END>
-0.0 -495.0 -371.95 -389.33 -0.0 -0.0 -0.0 -0.0 -0.0 -0.0 <END>
-0.0 -495.0 -360.28 -478.56 -0.0 -0.0 -0.0 -0.0 -0.0 -0.0 <END>
-0.0 -495.0 -354.17 -434.7 -0.0 -0.0 -0.0 -0.0 -0.0 -0.0 <END>
-0.0 -495.0 -362.48 -356.51 -0.0 -0.0 -0.0 -0.0 -0.0 -0.0 <END>
-0.0 -495.0 -376.35 -389.39 -0.0 -0.0 -0.0 -0.0 -0.0 -0.0 <END>
-0.0 -495.0 -347.49 -495.0 -0.0 -0.0 -0.0 -0.0 -0.0 -0.0 <END>
-0.0 -495.0 -354.88 -458.25 -0.0 -0.0 -0.0 -0.0 -0.0 -0.0 <END>
-0.0 -495.0 -375.33 -377.0 -0.0 -0.0 -0.0 -0.0 -0.0 -0.0 <END>
-0.0 -495.0 -373.69 -378.08 -0.0 -0.0 -0.0 -0.0 -0.0 -0.0 <END>
-0.0 -495.0 -374.76 -397.59 -0.0 -0.0 -0.0 -0.0 -0.0 -0.0 <END>
-0.0 -495.0 -355.74 -426.11 -0.0 -0.0 -0.0 -0.0 -0.0 -0.0 <END>
-0.0 -495.0 -372.93 -370.2 -0.0 -0.0 -0.0 -0.0 -0.0 -0.0 <END>
-0.0 -495.0 -371.95 -489.0 -0.0 -0.0 -0.0 -0.0 -0.0 -0.0 <END>
-0.0 -495.0 -377.4 -363.28 -0.0 -0.0 -0.0 -0.0 -0.0 -0.0 <END>
-0.0 -495.0 -372.96 -421.42 -0.0 -0.0 -0.0 -0.0 -0.0 -0.0 <END>
-0.0 -495.0 -372.33 -352.53 -0.0 -0.0 -0.0 -0.0 -0.0 -0.0 <END>
-0.0 -495.0 -367.39 -377.78 -0.0 -0.0 -0.0 -0.0 -0.0 -0.0 <END>
-0.0 -495.0 -360.71 -364.08 -0.0 -0.0 -0.0 -0.0 -0.0 -0.0 <END>
-0.0 -495.0 -369.52 -390.43 -0.0 -0.0 -0.0 -0.0 -0.0 -0.0 <END>
-0.0 -495.0 -366.32 -371.99 -0.0 -0.0 -0.0 -0.0 -0.0 -0.0 <END>
-0.0 -495.0 -370.89 -345.87 -0.0 -0.0 -0.0 -0.0 -0.0 -0.0 <END>
-0.0 -495.0 -368.92 -326.4 -0.0 -0.0 -0.0 -0.0 -0.0 -0.0 <END>
-0.0 -495.0 -356.17 -425.03 -0.0 -0.0 -0.0 -0.0 -0.0 -0.0 <END>
-0.0 -495.0 -366.78 -379.04 -0.0 -0.0 -0.0 -0.0 -0.0 -0.0 <END>
-0.0 -495.0 -351.43 -403.14 -0.0 -0.0 -0.0 -0.0 -0.0 -0.0 <END>
-0.0 -495.0 -366.68 -327.91 -0.0 -0.0 -0.0 -0.0 -0.0 -0.0 <END>
-0.0 -495.0 -364.39 -357.07 -0.0 -0.0 -0.0 -0.0 -0.0 -0.0 <END>
-0.0 -495.0 -366.3 -362.46 -0.0 -0.0 -0.0 -0.0 -0.0 -0.0 <END>
-0.0 -495.0 -368.4 -341.8 -0.0 -0.0 -0.0 -0.0 -0.0 -0.0 <END>
-0.0 -495.0 -374.49 -346.37 -0.0 -0.0 -0.0 -0.0 -0.0 -0.0 <END>
-0.0 -495.0 -354.86 -422.33 -0.0 -0.0 -0.0 -0.0 -0.0 -0.0 <END>
-0.0 -495.0 -369.23 -346.23 -0.0 -0.0 -0.0 -0.0 -0.0 -0.0 <END>
-0.0 -495.0 -354.92 -437.08 -0.0 -0.0 -0.0 -0.0 -0.0 -0.0 <END>
-0.0 -495.0 -366.77 -371.96 -0.0 -0.0 -0.0 -0.0 -0.0 -0.0 <END>
-0.0 -495.0 -359.66 -356.81 -0.0 -0.0 -0.0 -0.0 -0.0 -0.0 <END>
-0.0 -495.0 -356.59 -385.34 -0.0 -0.0 -0.0 -0.0 -0.0 -0.0 <END>
-0.0 -495.0 -354.4 -371.3 -0.0 -0.0 -0.0 -0.0 -0.0 -0.0 <END>
-0.0 -495.0 -360.66 -369.16 -0.0 -0.0 -0.0 -0.0 -0.0 -0.0 <END>
-0.0 -495.0 -371.79 -321.86 -0.0 -0.0 -0.0 -0.0 -0.0 -0.0 <END>
-0.0 -495.0 -360.95 -338.34 -0.0 -0.0 -0.0 -0.0 -0.0 -0.0 <END>
-0.0 -495.0 -360.83 -367.66 -0.0 -0.0 -0.0 -0.0 -0.0 -0.0 <END>
-0.0 -495.0 -360.53 -359.34 -0.0 -0.0 -0.0 -0.0 -0.0 -0.0 <END>
-0.0 -495.0 -368.15 -403.2 -0.0 -0.0 -0.0 -0.0 -0.0 -0.0 <END>
-0.0 -495.0 -360.69 -449.33 -0.0 -0.0 -0.0 -0.0 -0.0 -0.0 <END>
-0.0 -495.0 -350.28 -387.82 -0.0 -0.0 -0.0 -0.0 -0.0 -0.0 <END>
-0.0 -495.0 -375.17 -343.23 -0.0 -0.0 -0.0 -0.0 -0.0 -0.0 <END>
-0.0 -495.0 -363.58 -395.32 -0.0 -0.0 -0.0 -0.0 -0.0 -0.0 <END>
-0.0 -495.0 -364.11 -355.32 -0.0 -0.0 -0.0 -0.0 -0.0 -0.0 <END>
-0.0 -495.0 -358.2 -414.96 -0.0 -0.0 -0.0 -0.0 -0.0 -0.0 <END>
-0.0 -495.0 -347.75 -389.45 -0.0 -0.0 -0.0 -0.0 -0.0 -0.0 <END>
-0.0 -495.0 -373.91 -342.39 -0.0 -0.0 -0.0 -0.0 -0.0 -0.0 <END>
-0.0 -495.0 -349.01 -430.78 -0.0 -0.0 -0.0 -0.0 -0.0 -0.0 <END>
-0.0 -495.0 -361.27 -338.57 -0.0 -0.0 -0.0 -0.0 -0.0 -0.0 <END>
-0.0 -495.0 -355.45 -374.55 -0.0 -0.0 -0.0 -0.0 -0.0 -0.0 <END>
-0.0 -495.0 -357.51 -336.32 -0.0 -0.0 -0.0 -0.0 -0.0 -0.0 <END>
-0.0 -495.0 -384.26 -300.57 -0.0 -0.0 -0.0 -0.0 -0.0 -0.0 <END>
-0.0 -495.0 -377.24 -309.85 -0.0 -0.0 -0.0 -0.0 -0.0 -0.0 <END>
-0.0 -495.0 -362.07 -341.02 -0.0 -0.0 -0.0 -0.0 -0.0 -0.0 <END>
-0.0 -495.0 -363.94 -364.23 -0.0 -0.0 -0.0 -0.0 -0.0 -0.0 <END>
-0.0 -495.0 -333.66 -382.81 -0.0 -0.0 -0.0 -0.0 -0.0 -0.0 <END>
-0.0 -495.0 -373.14 -317.76 -0.0 -0.0 -0.0 -0.0 -0.0 -0.0 <END>
-0.0 -495.0 -362.79 -333.54 -0.0 -0.0 -0.0 -0.0 -0.0 -0.0 <END>
-0.0 -495.0 -371.8 -316.07 -0.0 -0.0 -0.0 -0.0 -0.0 -0.0 <END>
-0.0 -495.0 -360.75 -349.56 -0.0 -0.0 -0.0 -0.0 -0.0 -0.0 <END>
-0.0 -495.0 -348.57 -340.55 -0.0 -0.0 -0.0 -0.0 -0.0 -0.0 <END>
-0.0 -495.0 -363.56 -338.64 -0.0 -0.0 -0.0 -0.0 -0.0 -0.0 <END>
-0.0 -495.0 -358.76 -423.57 -0.0 -0.0 -0.0 -0.0 -0.0 -0.0 <END>
-0.0 -495.0 -348.16 -373.42 -0.0 -0.0 -0.0 -0.0 -0.0 -0.0 <END>
-0.0 -495.0 -365.02 -321.48 -0.0 -0.0 -0.0 -0.0 -0.0 -0.0 <END>
-0.0 -495.0 -366.55 -308.59 -0.0 -0.0 -0.0 -0.0 -0.0 -0.0 <END>
-0.0 -495.0 -357.24 -375.93 -0.0 -0.0 -0.0 -0.0 -0.0 -0.0 <END>
-0.0 -495.0 -363.63 -334.81 -0.0 -0.0 -0.0 -0.0 -0.0 -0.0 <END>
-0.0 -495.0 -372.0 -290.89 -0.0 -0.0 -0.0 -0.0 -0.0 -0.0 <END>
-0.0 -495.0 -377.72 -296.98 -0.0 -0.0 -0.0 -0.0 -0.0 -0.0 <END>
-0.0 -495.0 -361.27 -324.02 -0.0 -0.0 -0.0 -0.0 -0.0 -0.0 <END>
-0.0 -495.0 -382.13 -284.78 -0.0 -0.0 -0.0 -0.0 -0.0 -0.0 <END>
-0.0 -495.0 -363.74 -313.4 -0.0 -0.0 -0.0 -0.0 -0.0 -0.0 <END>
-0.0 -495.0 -365.46 -327.28 -0.0 -0.0 -0.0 -0.0 -0.0 -0.0 <END>
-0.0 -495.0 -369.37 -296.39 -0.0 -0.0 -0.0 -0.0 -0.0 -0.0 <END>
-0.0 -495.0 -365.18 -321.72 -0.0 -0.0 -0.0 -0.0 -0.0 -0.0 <END>
-0.0 -495.0 -366.34 -289.76 -0.0 -0.0 -0.0 -0.0 -0.0 -0.0 <END>
-0.0 -495.0 -367.34 -287.99 -0.0 -0.0 -0.0 -0.0 -0.0 -0.0 <END>
-0.0 -495.0 -352.04 -430.08 -0.0 -0.0 -0.0 -0.0 -0.0 -0.0 <END>
-0.0 -495.0 -376.71 -273.48 -0.0 -0.0 -0.0 -0.0 -0.0 -0.0 <END>
-0.0 -495.0 -362.98 -299.77 -0.0 -0.0 -0.0 -0.0 -0.0 -0.0 <END>
-0.0 -495.0 -368.16 -309.23 -0.0 -0.0 -0.0 -0.0 -0.0 -0.0 <END>
-0.0 -495.0 -357.09 -314.24 -0.0 -0.0 -0.0 -0.0 -0.0 -0.0 <END>
-0.0 -495.0 -359.76 -296.43 -0.0 -0.0 -0.0 -0.0 -0.0 -0.0 <END>
-0.0 -495.0 -369.36 -328.57 -0.0 -0.0 -0.0 -0.0 -0.0 -0.0 <END>
-0.0 -495.0 -365.2 -340.62 -0.0 -0.0 -0.0 -0.0 -0.0 -0.0 <END>
-0.0 -495.0 -358.24 -281.62 -0.0 -0.0 -0.0 -0.0 -0.0 -0.0 <END>
-0.0 -495.0 -362.07 -322.18 -0.0 -0.0 -0.0 -0.0 -0.0 -0.0 <END>
-0.0 -495.0 -360.89 -303.68 -0.0 -0.0 -0.0 -0.0 -0.0 -0.0 <END>
-0.0 -495.0 -355.0 -350.91 -0.0 -0.0 -0.0 -0.0 -0.0 -0.0 <END>
-0.0 -495.0 -363.61 -275.35 -0.0 -0.0 -0.0 -0.0 -0.0 -0.0 <END>
-0.0 -495.0 -360.13 -325.03 -0.0 -0.0 -0.0 -0.0 -0.0 -0.0 <END>
-0.0 -495.0 -364.88 -279.4 -0.0 -0.0 -0.0 -0.0 -0.0 -0.0 <END>
-0.0 -495.0 -356.67 -313.16 -0.0 -0.0 -0.0 -0.0 -0.0 -0.0 <END>
-0.0 -495.0 -345.91 -316.0 -0.0 -0.0 -0.0 -0.0 -0.0 -0.0 <END>
-0.0 -495.0 -347.98 -340.78 -0.0 -0.0 -0.0 -0.0 -0.0 -0.0 <END>
-0.0 -495.0 -346.07 -372.34 -0.0 -0.0 -0.0 -0.0 -0.0 -0.0 <END>
-0.0 -495.0 -359.66 -272.56 -0.0 -0.0 -0.0 -0.0 -0.0 -0.0 <END>
-0.0 -495.0 -379.35 -259.01 -0.0 -0.0 -0.0 -0.0 -0.0 -0.0 <END>
-0.0 -495.0 -346.3 -414.04 -0.0 -0.0 -0.0 -0.0 -0.0 -0.0 <END>
-0.0 -495.0 -348.75 -324.06 -0.0 -0.0 -0.0 -0.0 -0.0 -0.0 <END>
-0.0 -495.0 -349.18 -310.21 -0.0 -0.0 -0.0 -0.0 -0.0 -0.0 <END>
-0.0 -495.0 -359.08 -287.14 -0.0 -0.0 -0.0 -0.0 -0.0 -0.0 <END>
-0.0 -495.0 -350.91 -323.14 -0.0 -0.0 -0.0 -0.0 -0.0 -0.0 <END>
-0.0 -495.0 -366.72 -248.81 -0.0 -0.0 -0.0 -0.0 -0.0 -0.0 <END>
-0.0 -495.0 -362.18 -294.26 -0.0 -0.0 -0.0 -0.0 -0.0 -0.0 <END>
-0.0 -495.0 -349.82 -328.02 -0.0 -0.0 -0.0 -0.0 -0.0 -0.0 <END>
-0.0 -495.0 -345.85 -316.49 -0.0 -0.0 -0.0 -0.0 -0.0 -0.0 <END>
-0.0 -495.0 -352.18 -366.68 -0.0 -0.0 -0.0 -0.0 -0.0 -0.0 <END>
-0.0 -495.0 -352.26 -308.72 -0.0 -0.0 -0.0 -0.0 -0.0 -0.0 <END>
-0.0 -495.0 -354.12 -363.38 -0.0 -0.0 -0.0 -0.0 -0.0 -0.0 <END>
-0.0 -495.0 -336.99 -343.74 -0.0 -0.0 -0.0 -0.0 -0.0 -0.0 <END>
-0.0 -495.0 -361.02 -282.94 -0.0 -0.0 -0.0 -0.0 -0.0 -0.0 <END>
-0.0 -495.0 -359.25 -274.7 -0.0 -0.0 -0.0 -0.0 -0.0 -0.0 <END>
-0.0 -495.0 -373.08 -256.54 -0.0 -0.0 -0.0 -0.0 -0.0 -0.0 <END>
-0.0 -495.0 -350.23 -383.22 -0.0 -0.0 -0.0 -0.0 -0.0 -0.0 <END>
-0.0 -495.0 -356.2 -285.73 -0.0 -0.0 -0.0 -0.0 -0.0 -0.0 <END>
-0.0 -495.0 -361.49 -262.73 -0.0 -0.0 -0.0 -0.0 -0.0 -0.0 <END>
-0.0 -495.0 -362.49 -259.16 -0.0 -0.0 -0.0 -0.0 -0.0 -0.0 <END>
-0.0 -495.0 -358.04 -272.71 -0.0 -0.0 -0.0 -0.0 -0.0 -0.0 <END>
-0.0 -495.0 -350.78 -303.19 -0.0 -0.0 -0.0 -0.0 -0.0 -0.0 <END>
-0.0 -495.0 -341.48 -311.38 -0.0 -0.0 -0.0 -0.0 -0.0 -0.0 <END>
-0.0 -495.0 -359.05 -263.36 -0.0 -0.0 -0.0 -0.0 -0.0 -0.0 <END>
-0.0 -495.0 -357.98 -253.72 -0.0 -0.0 -0.0 -0.0 -0.0 -0.0 <END>
-0.0 -495.0 -350.56 -268.33 -0.0 -0.0 -0.0 -0.0 -0.0 -0.0 <END>
-0.0 -495.0 -361.58 -259.81 -0.0 -0.0 -0.0 -0.0 -0.0 -0.0 <END>
-0.0 -495.0 -348.96 -275.26 -0.0 -0.0 -0.0 -0.0 -0.0 -0.0 <END>
-0.0 -495.0 -358.61 -258.63 -0.0 -0.0 -0.0 -0.0 -0.0 -0.0 <END>
-0.0 -495.0 -359.36 -238.7 -0.0 -0.0 -0.0 -0.0 -0.0 -0.0 <END>
-0.0 -495.0 -354.66 -245.44 -0.0 -0.0 -0.0 -0.0 -0.0 -0.0 <END>
-0.0 -495.0 -347.2 -276.67 -0.0 -0.0 -0.0 -0.0 -0.0 -0.0 <END>
-0.0 -495.0 -349.19 -264.46 -0.0 -0.0 -0.0 -0.0 -0.0 -0.0 <END>
