-0.0 -495.0 -495.0 -495.0 -441.93834 -439.80599 -458.94435 -0.0 -0.0 -0.0 <END>
-0.0 -495.0 -495.0 -495.0 -449.26277 -443.94843 -461.84468 -1.7747 -0.0 -0.0 <END>
-0.0 -495.0 -495.0 -495.0 -442.54985 -438.60015 -454.11423 -0.0 -0.0 -0.0 <END>
-0.0 -495.0 -495.0 -495.0 -444.25408 -439.23921 -459.02029 -0.0 -0.0 -0.0 <END>
-0.0 -495.0 -495.0 -495.0 -448.8502 -439.78377 -453.28065 -59.56748 -0.0 -0.0 -0.0 <END>
-0.0 -495.0 -495.0 -495.0 -445.46763 -438.85423 -455.78767 -0.0 -0.0 -0.0 <END>
-0.0 -495.0 -495.0 -495.0 -445.27402 -438.49075 -451.82662 -115.35398 -0.0 -0.0 <END>
-0.0 -495.0 -495.0 -495.0 -440.96564 -436.50382 -455.76464 -0.0 -0.0 -0.0 <END>
-0.0 -495.0 -495.0 -495.0 -437.71317 -433.00434 -448.17638 -0.0 -0.0 -0.0 <END>
-0.0 -495.0 -495.0 -495.0 -437.56893 -431.78479 -449.75115 -0.0 -0.0 -0.0 <END>
-0.0 -495.0 -495.0 -495.0 -442.24409 -433.43279 -447.64976 -230.45591 -0.0 -0.0 <END>
-0.0 -495.0 -495.0 -495.0 -433.65403 -427.4273 -441.97208 -41.20896 -0.0 -0.0 <END>
-0.0 -495.0 -495.0 -495.0 -439.51951 -430.41853 -441.35944 -230.43976 -0.0 -0.0 <END>
-0.0 -495.0 -495.0 -495.0 -433.02424 -426.80784 -442.85862 -42.43266 -0.0 -0.0 <END>
-0.0 -495.0 -495.0 -495.0 -438.71009 -428.9616 -439.54775 -168.76751 -0.0 -0.0 <END>
-0.0 -495.0 -495.0 -495.0 -434.0743 -425.29095 -437.0819 -227.44881 -0.0 -0.0 <END>
-0.0 -495.0 -495.0 -493.24134 -429.75776 -422.6854 -437.10995 -160.13157 -0.0 -0.0 <END>
-0.0 -495.0 -495.0 -495.0 -431.98171 -424.36157 -439.22769 -158.66112 -0.0 -0.0 <END>
-0.0 -495.0 -495.0 -495.0 -431.90402 -423.22857 -436.53971 -219.5087 -0.0 -0.0 <END>
-0.0 -495.0 -495.0 -493.8716 -429.51094 -421.60101 -433.99331 -280.86893 -0.0 -0.0 <END>
-0.0 -495.0 -495.0 -487.87309 -427.10438 -421.26459 -434.10779 -162.67557 -0.0 -0.0 <END>
-0.0 -495.0 -495.0 -493.046 -426.57464 -417.77322 -430.73123 -218.7156 -0.0 -0.0 <END>
-0.0 -495.0 -495.0 -492.11565 -425.44913 -416.74585 -430.06292 -212.18856 -0.0 -0.0 <END>
-0.0 -495.0 -495.0 -495.0 -429.55676 -418.83583 -431.28762 -339.87324 -0.0 -0.0 <END>
-0.0 -495.0 -495.0 -491.03099 -423.55542 -415.24465 -428.49794 -152.92199 -0.0 -0.0 <END>
-0.0 -495.0 -495.0 -495.0 -428.15009 -417.26333 -430.96585 -276.51902 -0.0 -0.0 <END>
-0.0 -495.0 -495.0 -491.93015 -423.96248 -414.02644 -425.24943 -388.6001 -0.0 -0.0 <END>
-0.0 -495.0 -495.0 -487.81639 -421.53416 -412.32265 -423.55353 -212.01101 -0.0 -0.0 <END>
-0.0 -495.0 -495.0 -495.0 -425.61353 -413.62425 -422.70443 -389.37548 -0.0 -0.0 <END>
-0.0 -495.0 -495.0 -495.0 -425.91112 -413.34324 -423.32433 -395.47234 -0.0 -0.0 <END>
-0.0 -495.0 -495.0 -494.01404 -423.81877 -412.48162 -423.06368 -388.64473 -0.0 -0.0 <END>
-0.0 -495.0 -495.0 -495.0 -422.88273 -410.52977 -423.23335 -448.06509 -0.0 -0.0 <END>
-0.0 -495.0 -495.0 -484.27205 -417.10493 -407.25649 -419.59913 -324.87584 -0.0 -0.0 <END>
-0.0 -495.0 -495.0 -484.81833 -416.89173 -406.58093 -416.36455 -385.72508 -0.0 -0.0 <END>
-0.0 -495.0 -495.0 -484.78949 -415.42883 -404.24016 -417.3353 -264.50504 -0.0 -0.0 <END>
-0.0 -495.0 -495.0 -494.23284 -420.52019 -407.4188 -418.92014 -444.77581 -0.0 -0.0 <END>
-0.0 -495.0 -495.0 -483.02839 -413.76949 -402.28219 -417.04768 -325.24518 -0.0 -0.0 <END>
-0.0 -495.0 -495.0 -487.03737 -415.56817 -405.32236 -415.98377 -385.81383 -0.0 -0.0 <END>
-0.0 -495.0 -495.0 -483.4739 -412.18067 -401.13531 -413.55272 -380.47351 -0.0 -0.0 <END>
-0.0 -495.0 -495.0 -484.00198 -412.61165 -401.95009 -413.25583 -323.73069 -0.0 -0.0 <END>
-0.0 -495.0 -495.0 -487.19039 -414.39283 -402.91531 -413.34934 -384.61054 -0.0 -0.0 <END>
-0.0 -495.0 -495.0 -486.69384 -413.99678 -400.80518 -414.36012 -438.06251 -0.0 -0.0 <END>
-0.0 -495.0 -495.0 -487.76397 -414.02863 -400.19758 -414.59791 -442.19861 -0.0 -0.0 <END>
-0.0 -495.0 -495.0 -484.41528 -411.30155 -397.43862 -409.27238 -436.54693 -0.0 -0.0 <END>
-0.0 -495.0 -495.0 -484.25152 -409.20014 -396.38503 -409.09867 -435.39251 -0.0 -0.0 <END>
-0.0 -495.0 -495.0 -482.06486 -408.70585 -394.97645 -410.19861 -438.39649 -0.0 -0.0 <END>
-0.0 -495.0 -495.0 -483.56767 -410.40212 -396.83438 -408.06413 -434.42431 -0.0 -0.0 <END>
-0.0 -495.0 -495.0 -481.31643 -407.70064 -394.32001 -405.18602 -429.02888 -0.0 -0.0 <END>
-0.0 -495.0 -495.0 -481.00375 -407.02253 -393.03455 -404.71895 -434.22597 -0.0 -0.0 <END>
-0.0 -495.0 -495.0 -488.8179 -409.74647 -393.87526 -404.61409 -429.60247 -0.0 -0.0 <END>
-0.0 -495.0 -495.0 -488.12469 -410.1213 -393.99694 -407.576 -432.88359 -0.0 -0.0 <END>
-0.0 -495.0 -495.0 -486.1407 -407.71242 -391.54653 -404.75888 -430.81804 -0.0 -0.0 <END>
-0.0 -495.0 -495.0 -479.83047 -403.68878 -388.67962 -400.28385 -427.8348 -0.0 -0.0 <END>
-0.0 -495.0 -495.0 -472.83554 -400.64384 -387.17364 -398.01589 -420.94036 -0.0 -0.0 <END>
-0.0 -495.0 -495.0 -481.5901 -404.70231 -389.24562 -402.00107 -428.15029 -0.0 -0.0 <END>
-0.0 -495.0 -495.0 -474.57853 -400.26096 -385.84888 -398.114 -425.77952 -0.0 -0.0 <END>
-0.0 -495.0 -495.0 -472.82072 -399.4373 -384.96187 -397.71344 -418.39004 -0.0 -0.0 <END>
-0.0 -495.0 -495.0 -474.18362 -398.35245 -384.82085 -398.72657 -424.82585 -0.0 -0.0 <END>
-0.0 -495.0 -495.0 -485.7989 -404.33381 -387.07483 -398.57773 -422.40701 -0.0 -0.0 <END>
-0.0 -495.0 -495.0 -471.70557 -396.93962 -381.98102 -394.66128 -421.09546 -0.0 -0.0 <END>
-0.0 -495.0 -495.0 -486.82228 -402.94465 -385.03059 -395.39958 -413.49862 -0.0 -0.0 <END>
-0.0 -495.0 -495.0 -479.01625 -399.14278 -382.52358 -391.19708 -415.8609 -0.0 -0.0 <END>
-0.0 -495.0 -495.0 -474.93094 -396.75272 -380.35606 -394.08445 -419.30073 -0.0 -0.0 <END>
-0.0 -495.0 -495.0 -482.63908 -399.23125 -381.32576 -390.03465 -410.83066 -0.0 -0.0 <END>
-0.0 -495.0 -495.0 -482.39402 -397.65874 -380.56306 -394.61689 -419.77223 -0.0 -0.0 <END>
-0.0 -495.0 -495.0 -478.37612 -396.56179 -378.95817 -390.67039 -411.67412 -0.0 -0.0 <END>
-0.0 -495.0 -495.0 -483.5831 -397.41596 -378.83486 -388.96067 -407.28701 -0.0 -0.0 <END>
-0.0 -495.0 -495.0 -475.09478 -393.67077 -375.9372 -386.46482 -407.65396 -0.0 -0.0 <END>
-0.0 -495.0 -495.0 -470.58487 -392.30169 -375.65841 -387.5245 -409.38491 -0.0 -0.0 <END>
-0.0 -495.0 -495.0 -483.51827 -396.57627 -377.4412 -387.23112 -406.25703 -0.0 -0.0 <END>
-0.0 -495.0 -495.0 -469.87317 -390.21715 -373.19022 -384.09476 -395.79857 -0.0 -0.0 <END>
-0.0 -495.0 -495.0 -482.63028 -395.32907 -375.91525 -386.98343 -409.6142 -0.0 -0.0 <END>
-0.0 -495.0 -495.0 -483.86846 -392.87257 -372.70321 -382.33859 -407.38019 -0.0 -0.0 <END>
-0.0 -495.0 -495.0 -462.28594 -386.97368 -370.77495 -381.83008 -397.82907 -0.0 -0.0 <END>
-0.0 -495.0 -495.0 -481.38247 -391.11777 -372.41454 -384.44663 -406.77159 -0.0 -0.0 <END>
-0.0 -495.0 -495.0 -480.96118 -391.72681 -371.94839 -381.65868 -398.22861 -0.0 -0.0 <END>
-0.0 -495.0 -495.0 -484.42491 -391.85322 -371.03431 -380.70626 -394.36864 -0.0 -0.0 <END>
-0.0 -495.0 -495.0 -478.22254 -388.92125 -368.87439 -380.55417 -393.78974 -0.0 -0.0 <END>
-0.0 -495.0 -495.0 -478.97626 -387.45444 -368.07885 -378.40965 -395.99942 -0.0 -0.0 <END>
-0.0 -495.0 -495.0 -469.99556 -384.98118 -366.4023 -377.9474 -399.73409 -0.0 -0.0 <END>
-0.0 -495.0 -495.0 -471.78718 -383.60758 -365.33756 -377.34041 -394.3048 -0.0 -0.0 <END>
-0.0 -495.0 -495.0 -482.12232 -388.54385 -367.09784 -374.57303 -392.90337 -0.0 -0.0 <END>
-0.0 -495.0 -495.0 -470.17646 -382.53746 -362.95588 -372.69336 -386.44268 -0.0 -0.0 <END>
-0.0 -495.0 -495.0 -479.8768 -386.8232 -365.43813 -374.05087 -398.27493 -0.0 -0.0 <END>
-0.0 -495.0 -495.0 -476.47993 -384.71009 -364.16859 -371.92704 -388.78164 -0.0 -0.0 <END>
-0.0 -495.0 -495.0 -467.38287 -380.50066 -360.8321 -371.82983 -388.1228 -0.0 -0.0 <END>
-0.0 -495.0 -495.0 -473.1785 -382.54517 -361.97823 -371.27147 -390.07917 -0.0 -0.0 <END>
-0.0 -495.0 -495.0 -474.11159 -382.00939 -360.93114 -370.18853 -388.58637 -0.0 -0.0 <END>
-0.0 -495.0 -495.0 -472.58897 -381.49907 -360.81211 -369.30533 -386.56373 -0.0 -0.0 <END>
-0.0 -495.0 -495.0 -470.83456 -379.41625 -358.55078 -366.63128 -383.7725 -0.0 -0.0 <END>
-0.0 -495.0 -495.0 -471.41786 -376.88121 -356.74459 -364.89824 -379.82759 -0.0 -0.0 <END>
-0.0 -495.0 -495.0 -467.03613 -376.67284 -355.75158 -363.57665 -380.60066 -0.0 -0.0 <END>
-0.0 -495.0 -495.0 -471.25273 -376.78407 -354.88672 -361.34704 -381.0924 -0.0 -0.0 <END>
-0.0 -495.0 -495.0 -484.5408 -381.52175 -357.18976 -362.98969 -383.09896 -0.0 -0.0 <END>
-0.0 -495.0 -495.0 -466.10602 -374.2951 -352.95475 -359.43999 -383.84694 -0.0 -0.0 <END>
-0.0 -495.0 -495.0 -479.45908 -379.43843 -355.96957 -361.77779 -385.64677 -0.0 -0.0 <END>
-0.0 -495.0 -495.0 -479.87874 -379.01274 -354.76109 -360.01618 -383.768 -0.0 -0.0 <END>
-0.0 -495.0 -495.0 -479.36643 -378.04547 -353.9375 -358.74614 -381.5196 -0.0 -0.0 <END>
-0.0 -495.0 -495.0 -482.51693 -376.33374 -352.15869 -357.74209 -382.54825 -0.0 -0.0 <END>
-0.0 -495.0 -495.0 -479.87097 -376.42611 -351.32068 -355.96182 -376.986 -0.0 -0.0 <END>
-0.0 -495.0 -495.0 -472.1905 -374.19747 -350.83569 -355.6735 -382.11266 -0.0 -0.0 <END>
-0.0 -495.0 -495.0 -483.06007 -376.83739 -351.4878 -355.729 -380.53411 -0.0 -0.0 <END>
-0.0 -495.0 -495.0 -472.91803 -373.3473 -349.25952 -355.20406 -371.70705 -0.0 -0.0 <END>
-0.0 -495.0 -495.0 -465.13979 -369.56896 -346.84259 -352.22755 -369.90997 -0.0 -0.0 <END>
-0.0 -495.0 -495.0 -470.53778 -370.88876 -347.32292 -351.841 -378.38181 -0.0 -0.0 <END>
-0.0 -495.0 -495.0 -477.10931 -372.39845 -347.30609 -351.51134 -366.66846 -0.0 -0.0 <END>
-0.0 -495.0 -495.0 -471.84316 -370.53182 -346.30078 -351.91515 -372.56601 -0.0 -0.0 <END>
-0.0 -495.0 -495.0 -464.71608 -365.43273 -343.16372 -347.74013 -375.76825 -0.0 -0.0 <END>
-0.0 -495.0 -495.0 -479.82361 -372.28473 -345.69418 -349.00669 -368.74268 -0.0 -0.0 <END>
-0.0 -495.0 -495.0 -475.63727 -369.12841 -344.94448 -348.04391 -370.79391 -0.0 -0.0 <END>
-0.0 -495.0 -495.0 -475.09388 -368.02418 -343.51368 -347.26688 -371.70374 -0.0 -0.0 <END>
-0.0 -495.0 -495.0 -467.54532 -366.38259 -341.77123 -346.09584 -368.97007 -0.0 -0.0 <END>
-0.0 -495.0 -495.0 -470.71277 -366.28983 -341.13312 -344.99872 -365.0122 -0.0 -0.0 <END>
-0.0 -495.0 -495.0 -467.76594 -364.48044 -339.49074 -343.38463 -363.42598 -0.0 -0.0 <END>
-0.0 -495.0 -495.0 -461.15086 -362.30323 -338.23735 -343.24222 -361.04958 -0.0 -0.0 <END>
-0.0 -495.0 -495.0 -472.06631 -365.04696 -338.48123 -341.59934 -365.9758 -0.0 -0.0 <END>
-0.0 -495.0 -495.0 -471.89346 -364.45167 -338.43521 -342.60813 -359.21226 -0.0 -0.0 <END>
-0.0 -495.0 -495.0 -468.81672 -361.2527 -336.42349 -341.17658 -364.87385 -0.0 -0.0 <END>
-0.0 -495.0 -495.0 -470.75106 -363.2534 -336.78119 -340.70297 -358.65425 -0.0 -0.0 <END>
-0.0 -495.0 -495.0 -480.36944 -365.99226 -337.7978 -341.39213 -358.88097 -0.0 -0.0 <END>
-0.0 -495.0 -495.0 -472.33672 -363.23469 -336.33613 -340.20957 -356.17829 -0.0 -0.0 <END>
-0.0 -495.0 -495.0 -476.23996 -364.21687 -336.51296 -339.84628 -353.31291 -0.0 -0.0 <END>
-0.0 -495.0 -495.0 -478.26615 -363.91155 -334.99652 -338.7562 -363.05644 -0.0 -0.0 <END>
-0.0 -495.0 -495.0 -472.60699 -359.65108 -332.84582 -337.08509 -360.48794 -0.0 -0.0 <END>
-0.0 -495.0 -495.0 -464.0192 -357.83638 -331.44841 -335.50689 -353.488 -0.0 -0.0 <END>
-0.0 -495.0 -495.0 -465.28489 -357.92469 -330.75114 -334.34397 -355.80888 -0.0 -0.0 <END>
-0.0 -495.0 -495.0 -467.1085 -357.52996 -330.31779 -333.98906 -351.17338 -0.0 -0.0 <END>
-0.0 -495.0 -495.0 -479.25866 -361.87116 -332.16253 -334.59197 -356.62783 -0.0 -0.0 <END>
-0.0 -495.0 -495.0 -464.17838 -355.71025 -328.03986 -332.31896 -345.77625 -0.0 -0.0 <END>
-0.0 -495.0 -495.0 -478.05301 -360.40565 -330.06888 -332.56297 -346.19419 -0.0 -0.0 <END>
-0.0 -495.0 -495.0 -463.21843 -353.47405 -327.41879 -329.85644 -348.99126 -0.0 -0.0 <END>
-0.0 -495.0 -495.0 -465.24312 -354.36853 -326.06194 -329.87539 -346.33856 -0.0 -0.0 <END>
-0.0 -495.0 -495.0 -467.82576 -355.20513 -326.4547 -330.0151 -343.6062 -0.0 -0.0 <END>
-0.0 -495.0 -495.0 -475.39458 -357.33645 -326.27456 -329.50041 -348.21049 -0.0 -0.0 <END>
-0.0 -495.0 -495.0 -475.74578 -356.81029 -325.35988 -328.68426 -351.27702 -0.0 -0.0 <END>
-0.0 -495.0 -495.0 -464.50652 -351.24751 -323.75313 -327.52319 -346.47334 -0.0 -0.0 <END>
-0.0 -495.0 -495.0 -467.21545 -352.63413 -322.61839 -325.31279 -345.81958 -0.0 -0.0 <END>
-0.0 -495.0 -495.0 -463.73993 -351.20012 -321.85154 -325.15704 -341.54171 -0.0 -0.0 <END>
-0.0 -495.0 -495.0 -480.70164 -356.85542 -323.89505 -325.14034 -344.2697 -0.0 -0.0 <END>
-0.0 -495.0 -495.0 -459.62399 -348.61629 -320.23717 -323.16798 -340.84135 -0.0 -0.0 <END>
-0.0 -495.0 -495.0 -474.60408 -353.51957 -322.10976 -323.49097 -341.13267 -0.0 -0.0 <END>
-0.0 -495.0 -495.0 -473.22588 -352.80388 -321.21507 -322.87053 -342.87559 -0.0 -0.0 <END>
-0.0 -495.0 -495.0 -475.2474 -352.53204 -319.89837 -321.0211 -342.00654 -0.0 -0.0 <END>
-0.0 -495.0 -495.0 -471.88308 -350.66471 -318.2598 -319.98915 -337.30189 -0.0 -0.0 <END>
-0.0 -495.0 -495.0 -465.95371 -346.17309 -316.05314 -318.31563 -331.94269 -0.0 -0.0 <END>
-0.0 -495.0 -495.0 -465.32939 -347.5661 -315.99744 -317.62417 -329.37459 -0.0 -0.0 <END>
-0.0 -495.0 -495.0 -463.70706 -346.54812 -314.86359 -317.10689 -339.21872 -0.0 -0.0 <END>
-0.0 -495.0 -495.0 -460.9756 -345.1483 -314.67252 -317.17764 -329.89008 -0.0 -0.0 <END>
-0.0 -495.0 -495.0 -466.38284 -346.52746 -313.92406 -315.20156 -335.23237 -0.0 -0.0 <END>
-0.0 -495.0 -495.0 -462.69266 -345.06794 -313.48373 -314.63635 -329.23061 -0.0 -0.0 <END>
-0.0 -495.0 -495.0 -481.50683 -351.20775 -315.96413 -314.52343 -328.24611 -107.27275 -0.0 <END>
-0.0 -495.0 -495.0 -468.42047 -345.63541 -312.27581 -312.88216 -327.99508 -0.0 -0.0 <END>
-0.0 -495.0 -495.0 -477.36604 -348.50625 -313.55177 -312.91262 -326.8843 -0.0 -0.0 <END>
-0.0 -495.0 -495.0 -474.40786 -346.85323 -312.82435 -311.84874 -326.38604 -0.0 -0.0 <END>
-0.0 -495.0 -495.0 -461.68101 -342.58963 -310.10171 -310.61187 -326.31567 -0.0 -0.0 <END>
-0.0 -495.0 -495.0 -459.50494 -340.80452 -308.74341 -309.08868 -321.95375 -0.0 -0.0 <END>
-0.0 -495.0 -495.0 -465.31348 -342.7257 -309.66845 -309.43055 -322.81904 -0.0 -0.0 <END>
-0.0 -495.0 -495.0 -471.47818 -344.33329 -309.41675 -308.50537 -317.60957 -101.66472 -0.0 <END>
-0.0 -495.0 -495.0 -462.00962 -340.66172 -307.36478 -308.84257 -326.89052 -0.0 -0.0 <END>
-0.0 -495.0 -495.0 -460.49372 -339.25029 -305.56809 -306.31973 -325.62025 -0.0 -0.0 <END>
-0.0 -495.0 -495.0 -467.65109 -341.0392 -306.43977 -304.91957 -316.03171 -40.26356 -0.0 <END>
-0.0 -495.0 -495.0 -470.76796 -342.84461 -307.62786 -306.62003 -315.89444 -38.24175 -0.0 <END>
-0.0 -495.0 -495.0 -461.51832 -338.3215 -304.80473 -304.21166 -312.79689 -39.78619 -0.0 <END>
-0.0 -495.0 -495.0 -467.62442 -340.41031 -305.61328 -304.7311 -316.61692 -39.29279 -0.0 <END>
-0.0 -495.0 -495.0 -467.64012 -338.37627 -304.36207 -303.61911 -317.22279 -35.70688 -0.0 <END>
-0.0 -495.0 -495.0 -457.5636 -335.85859 -302.11879 -301.63457 -313.28307 -40.51895 -0.0 <END>
-0.0 -495.0 -495.0 -466.98518 -338.84352 -302.66788 -300.91828 -314.99899 -41.9971 -0.0 <END>
-0.0 -495.0 -495.0 -478.29375 -340.38547 -302.8769 -300.97439 -313.08206 -157.51457 -0.0 <END>
-0.0 -495.0 -495.0 -467.4823 -338.26748 -301.80688 -299.94434 -312.27575 -153.09704 -0.0 <END>
-0.0 -495.0 -495.0 -464.38311 -334.82752 -300.55705 -299.71587 -312.78328 -0.0 -0.0 <END>
-0.0 -495.0 -495.0 -459.119 -333.86645 -298.87617 -297.43491 -305.42314 -149.01639 -0.0 <END>
-0.0 -495.0 -495.0 -464.36291 -335.24628 -299.03196 -296.62623 -307.91353 -90.9288 -0.0 <END>
-0.0 -495.0 -495.0 -469.66355 -337.58817 -300.48792 -297.74971 -308.71847 -210.83083 -0.0 <END>
-0.0 -495.0 -495.0 -462.33418 -333.98936 -298.08809 -295.43032 -303.7151 -152.55865 -0.0 <END>
-0.0 -495.0 -495.0 -472.04217 -335.5331 -298.67142 -296.23325 -306.29519 -149.52825 -0.0 <END>
-0.0 -495.0 -495.0 -462.91835 -333.39791 -296.99332 -294.90014 -307.93901 -31.82121 -0.0 <END>
-0.0 -495.0 -495.0 -453.89645 -329.82559 -294.93209 -293.66389 -307.01236 -92.71737 -0.0 <END>
-0.0 -495.0 -495.0 -472.57582 -334.15436 -295.98313 -293.04893 -306.26756 -152.36911 -0.0 <END>
-0.0 -495.0 -495.0 -465.56794 -333.32678 -295.17456 -293.16263 -306.72128 -149.7577 -0.0 <END>
-0.0 -495.0 -495.0 -475.36033 -336.33124 -296.01742 -291.34765 -305.04717 -329.25714 -0.0 <END>
-0.0 -495.0 -495.0 -469.53899 -333.74925 -294.22297 -290.2551 -305.56213 -324.0072 -0.0 <END>
-0.0 -495.0 -495.0 -459.59903 -329.87717 -291.96278 -289.96299 -300.82054 -143.04588 -0.0 <END>
-0.0 -495.0 -495.0 -458.45541 -328.95926 -291.91708 -289.11913 -303.18174 -82.12311 -0.0 <END>
-0.0 -495.0 -495.0 -476.76445 -335.66453 -294.12523 -288.76545 -300.5474 -327.89935 -0.0 <END>
-0.0 -495.0 -495.0 -454.03063 -326.84736 -290.3258 -287.57003 -299.70884 -199.4648 -0.0 <END>
-0.0 -495.0 -495.0 -468.62404 -331.6294 -292.12087 -287.88756 -302.3015 -320.76271 -0.0 <END>
-0.0 -495.0 -495.0 -461.20496 -328.49145 -290.15534 -285.95889 -297.25843 -322.70053 -0.0 <END>
-0.0 -495.0 -495.0 -461.61493 -328.50083 -289.42104 -285.27379 -297.28973 -263.49285 -0.0 <END>
-0.0 -495.0 -495.0 -475.82605 -331.05048 -290.04635 -285.86351 -297.28623 -324.85377 -0.0 <END>
-0.0 -495.0 -495.0 -477.74832 -333.77068 -290.80743 -284.19509 -293.38733 -317.36189 -0.0 <END>
-0.0 -495.0 -495.0 -467.27012 -329.26865 -288.75822 -283.50846 -294.5912 -320.07252 -0.0 <END>
-0.0 -495.0 -495.0 -464.77893 -327.93184 -287.54998 -282.65693 -297.92022 -321.12868 -0.0 <END>
-0.0 -495.0 -495.0 -460.52802 -325.51725 -285.72795 -281.29824 -294.60863 -319.19656 -0.0 <END>
-0.0 -495.0 -495.0 -459.62154 -323.1974 -284.25372 -280.4421 -289.01856 -251.35641 -0.0 <END>
-0.0 -495.0 -495.0 -460.53836 -324.9873 -284.55363 -279.66659 -290.50427 -312.68345 -0.0 <END>
-0.0 -495.0 -495.0 -469.29651 -328.24175 -286.14494 -279.92488 -291.9968 -313.6816 -0.0 <END>
-0.0 -495.0 -495.0 -460.27702 -324.36523 -283.29752 -278.01428 -289.48108 -315.95859 -0.0 <END>
-0.0 -495.0 -495.0 -474.848 -329.28142 -284.88046 -278.0918 -289.69083 -311.79522 -0.0 <END>
-0.0 -495.0 -495.0 -466.75815 -326.19483 -283.71391 -277.20518 -290.65626 -311.16169 -0.0 <END>
-0.0 -495.0 -495.0 -462.47894 -324.27432 -281.8299 -275.68961 -285.72314 -312.44995 -0.0 <END>
-0.0 -495.0 -495.0 -464.96254 -324.85993 -282.42799 -276.21592 -287.87534 -314.52519 -0.0 <END>
-0.0 -495.0 -495.0 -463.02795 -323.84838 -281.62797 -275.08534 -285.93511 -310.56794 -0.0 <END>
-0.0 -495.0 -495.0 -458.77721 -321.47237 -280.40443 -274.54874 -285.3288 -313.08775 -0.0 <END>
-0.0 -495.0 -495.0 -461.12301 -321.84541 -280.15383 -273.93614 -285.17733 -311.55749 -0.0 <END>
-0.0 -495.0 -495.0 -460.09238 -321.27883 -279.01927 -272.28691 -284.08643 -305.37611 -0.0 <END>
-0.0 -495.0 -495.0 -460.94753 -321.39136 -278.33996 -271.37153 -284.62423 -301.60138 -0.0 <END>
-0.0 -495.0 -495.0 -473.78431 -325.74735 -280.08743 -271.71256 -282.92424 -306.2086 -0.0 <END>
-0.0 -495.0 -495.0 -461.72562 -321.13492 -277.78821 -270.43949 -278.41382 -303.50939 -0.0 <END>
-0.0 -495.0 -495.0 -460.84044 -320.2262 -277.27416 -270.16102 -284.21238 -302.17396 -0.0 <END>
-0.0 -495.0 -495.0 -471.57918 -323.84897 -277.99261 -269.7561 -281.21876 -290.85334 -0.0 <END>
-0.0 -495.0 -495.0 -467.27941 -322.28015 -277.74009 -269.92291 -281.09033 -294.30193 -0.0 <END>
-0.0 -495.0 -495.0 -468.83813 -322.4097 -276.95882 -269.53244 -278.76527 -301.17525 -0.0 <END>
-0.0 -495.0 -495.0 -465.0317 -321.02081 -276.27778 -268.28209 -279.97862 -297.11103 -0.0 <END>
-0.0 -495.0 -495.0 -462.81076 -319.3616 -275.06792 -267.00394 -278.37356 -300.05519 -0.0 <END>
-0.0 -495.0 -495.0 -455.1918 -316.02293 -273.29703 -265.59481 -276.29389 -299.80833 -0.0 <END>
-0.0 -495.0 -495.0 -462.75256 -318.74754 -273.60344 -264.77785 -274.45589 -294.54441 -0.0 <END>
-0.0 -495.0 -495.0 -456.816 -315.91666 -271.90003 -263.88483 -275.60262 -293.03842 -0.0 <END>
-0.0 -495.0 -495.0 -466.63692 -319.00166 -273.04383 -264.06762 -273.70385 -296.70368 -0.0 <END>
-0.0 -495.0 -495.0 -458.78973 -315.7725 -270.71828 -262.54294 -272.72403 -284.89441 -0.0 <END>
-0.0 -495.0 -495.0 -464.30959 -317.7969 -272.36447 -263.12956 -275.59642 -297.37184 -0.0 <END>
-0.0 -495.0 -495.0 -462.09759 -316.58187 -270.53322 -261.37828 -269.10714 -285.09955 -0.0 <END>
-0.0 -495.0 -495.0 -457.69337 -314.67351 -268.99303 -260.98816 -273.83934 -286.72537 -0.0 <END>
-0.0 -495.0 -495.0 -468.68843 -318.79379 -271.03547 -260.87896 -272.20233 -284.98277 -0.0 <END>
-0.0 -495.0 -495.0 -466.76311 -317.26206 -269.06982 -259.82355 -273.07598 -289.19443 -0.0 <END>
-0.0 -495.0 -495.0 -463.77546 -316.1877 -268.96081 -259.32086 -270.29405 -286.87195 -0.0 <END>
-0.0 -495.0 -495.0 -457.62092 -313.46179 -267.64358 -258.37165 -269.66118 -288.73668 -0.0 <END>
-0.0 -495.0 -495.0 -456.26778 -312.57134 -267.12023 -257.73892 -269.17698 -288.26642 -0.0 <END>
-0.0 -495.0 -495.0 -458.41646 -313.54051 -267.15302 -256.97224 -267.32959 -279.95632 -0.0 <END>
-0.0 -495.0 -495.0 -473.04411 -318.71744 -268.91761 -257.54147 -265.67006 -279.78701 -0.0 <END>
-0.0 -495.0 -495.0 -458.04566 -312.29762 -265.19904 -255.29766 -264.81326 -277.05116 -0.0 <END>
-0.0 -495.0 -495.0 -468.47323 -316.20499 -266.60354 -255.56572 -261.06003 -281.76125 -0.0 <END>
-0.0 -495.0 -495.0 -460.16906 -312.11604 -265.09407 -254.78203 -263.58419 -284.18409 -0.0 <END>
-0.0 -495.0 -495.0 -459.6508 -311.87342 -264.32172 -253.56037 -261.72592 -274.2277 -0.0 <END>
-0.0 -495.0 -495.0 -458.82121 -311.50866 -263.53046 -252.61981 -263.43478 -279.08612 -0.0 <END>
-0.0 -495.0 -495.0 -458.2104 -310.82366 -263.38545 -252.94676 -265.02828 -279.28718 -0.0 <END>
-0.0 -495.0 -495.0 -458.9093 -311.05282 -262.85095 -251.96436 -262.21005 -276.36581 -0.0 <END>
-0.0 -495.0 -495.0 -458.63531 -310.65834 -262.42065 -251.49566 -260.63953 -275.22515 -0.0 <END>
-0.0 -495.0 -495.0 -448.56684 -306.13764 -260.40954 -250.41279 -256.4694 -271.33494 -0.0 <END>
-0.0 -495.0 -495.0 -453.12238 -307.54278 -260.1666 -249.35927 -255.88695 -276.34455 -0.0 <END>
-0.0 -495.0 -495.0 -464.47547 -312.02224 -261.8213 -249.99608 -259.84795 -276.95754 -0.0 <END>
-0.0 -495.0 -495.0 -456.31906 -308.30638 -259.2082 -248.70795 -255.13959 -269.43504 -0.0 <END>
-0.0 -495.0 -495.0 -459.02117 -309.94296 -259.48469 -247.56023 -253.43799 -269.86946 -0.0 <END>
-0.0 -495.0 -495.0 -464.92895 -312.72043 -260.4118 -247.98288 -252.99457 -270.64149 -0.0 <END>
-0.0 -495.0 -495.0 -468.61476 -314.68296 -260.36874 -247.53983 -252.28608 -271.25904 -0.0 <END>
-0.0 -495.0 -495.0 -466.67759 -313.56969 -259.29044 -246.32052 -251.44351 -270.55735 -0.0 <END>
-0.0 -495.0 -495.0 -459.42909 -305.52464 -256.10295 -245.41347 -253.00984 -273.47405 -0.0 <END>
-0.0 -495.0 -495.0 -455.90485 -306.84145 -256.7031 -244.89519 -251.2452 -273.16825 -0.0 <END>
-0.0 -495.0 -495.0 -459.6558 -309.93374 -256.91112 -243.99143 -249.44383 -272.94465 -0.0 <END>
-0.0 -495.0 -495.0 -466.06451 -313.90333 -257.98786 -244.39973 -250.18479 -267.88437 -0.0 <END>
-0.0 -495.0 -495.0 -461.17209 -310.46349 -256.28146 -243.02499 -249.14095 -268.54957 -0.0 <END>
