0.0 -495.0 -495.0 -442.66078 -390.9637 -386.25239 -400.09039 -123.92011 -0.0 -0.0 <END>
-0.0 -495.0 -495.0 -444.71046 -392.46493 -386.03735 -398.12559 -180.23096 -0.0 -0.0 <END>
-0.0 -495.0 -495.0 -455.17772 -397.55471 -388.87258 -399.72919 -362.87582 -0.0 -0.0 <END>
-0.0 -495.0 -495.0 -444.85231 -391.87777 -384.78031 -398.87602 -238.98068 -0.0 -0.0 <END>
-0.0 -495.0 -495.0 -452.2915 -395.03982 -386.16054 -397.84236 -301.36097 -0.0 -0.0 <END>
-0.0 -495.0 -495.0 -443.17525 -390.03522 -383.12308 -395.35751 -182.36753 -0.0 -0.0 <END>
-0.0 -495.0 -495.0 -456.12632 -396.13426 -385.9997 -395.31322 -304.88049 -0.0 -0.0 <END>
-0.0 -495.0 -495.0 -451.72681 -393.49857 -383.89307 -396.23108 -304.75122 -0.0 -0.0 <END>
-0.0 -495.0 -495.0 -453.01453 -393.53506 -383.52385 -392.0112 -360.15795 -0.0 -0.0 -0.0 <END>
-0.0 -495.0 -495.0 -448.73437 -391.38541 -383.01535 -392.95164 -299.21637 -0.0 -0.0 <END>
-0.0 -495.0 -495.0 -452.05386 -396.24902 -381.88776 -392.36983 -417.10108 -0.0 -0.0 <END>
-0.0 -495.0 -495.0 -448.52768 -389.77457 -380.11183 -392.6347 -418.7128 -0.0 -0.0 <END>
-0.0 -495.0 -495.0 -440.07484 -385.3543 -377.52384 -388.9621 -350.84284 -0.0 -0.0 <END>
-0.0 -495.0 -495.0 -443.5571 -385.43448 -377.37091 -388.07007 -290.89139 -0.0 -0.0 <END>
-0.0 -495.0 -495.0 -451.98108 -390.50308 -379.25066 -388.61228 -410.9438 -0.0 -0.0 <END>
-0.0 -495.0 -495.0 -438.86169 -383.13929 -374.6851 -388.00316 -350.66471 -0.0 -0.0 <END>
-0.0 -495.0 -495.0 -448.51634 -388.5925 -378.24235 -392.05767 -416.68058 -0.0 -0.0 <END>
-0.0 -495.0 -495.0 -439.95304 -381.96376 -372.15147 -384.72466 -350.6353 -0.0 -0.0 <END>
-0.0 -495.0 -495.0 -442.85767 -383.28976 -374.15367 -384.82712 -293.47814 -0.0 -0.0 <END>
-0.0 -495.0 -495.0 -447.36971 -386.13495 -374.8169 -386.64195 -409.57487 -0.0 -0.0 <END>
-0.0 -495.0 -495.0 -442.54578 -383.82523 -373.5366 -384.96187 -353.24032 -0.0 -0.0 <END>
-0.0 -495.0 -495.0 -447.59191 -384.30262 -371.82254 -383.67195 -408.83578 -0.0 -0.0 <END>
-0.0 -495.0 -495.0 -442.22342 -382.03197 -371.06654 -381.32101 -404.74874 -0.0 -0.0 <END>
-0.0 -495.0 -495.0 -444.57758 -381.34555 -370.16592 -383.09734 -407.96994 -0.0 -0.0 <END>
-0.0 -495.0 -495.0 -439.05278 -379.13927 -367.84289 -380.9599 -401.27551 -0.0 -0.0 <END>
-0.0 -495.0 -495.0 -437.24592 -377.61307 -366.64459 -378.40261 -401.68536 -0.0 -0.0 <END>
-0.0 -495.0 -495.0 -441.80117 -379.46205 -368.15126 -380.3029 -405.41188 -0.0 -0.0 <END>
-0.0 -495.0 -495.0 -438.42069 -377.37844 -365.90313 -377.80189 -401.32133 -0.0 -0.0 <END>
-0.0 -495.0 -495.0 -446.45373 -381.02008 -367.19844 -378.13244 -401.01621 -0.0 -0.0 <END>
-0.0 -495.0 -495.0 -436.00974 -375.52096 -364.04598 -374.47642 -400.41321 -0.0 -0.0 <END>
-0.0 -495.0 -495.0 -445.52088 -379.80233 -365.41201 -375.31504 -394.27808 -0.0 -0.0 <END>
-0.0 -495.0 -495.0 -442.6159 -378.34648 -364.87044 -371.81447 -393.62475 -0.0 -0.0 <END>
-0.0 -495.0 -495.0 -442.07448 -377.70086 -363.89781 -375.05895 -397.05417 -0.0 -0.0 <END>
-0.0 -495.0 -495.0 -442.55505 -377.98235 -364.38998 -373.75627 -394.07929 -0.0 -0.0 <END>
-0.0 -495.0 -495.0 -437.62841 -375.06569 -362.47055 -373.71365 -395.62296 -0.0 -0.0 <END>
-0.0 -495.0 -495.0 -432.80837 -372.10952 -360.14869 -372.91688 -397.11391 -0.0 -0.0 <END>
-0.0 -495.0 -495.0 -431.97038 -370.8388 -358.59584 -367.81394 -390.45817 -0.0 -0.0 <END>
-0.0 -495.0 -495.0 -434.98269 -371.96804 -358.83189 -368.53848 -394.38672 -0.0 -0.0 <END>
-0.0 -495.0 -495.0 -435.74575 -372.10019 -358.33852 -369.35943 -394.70056 -0.0 -0.0 <END>
-0.0 -495.0 -495.0 -432.0701 -369.14897 -356.10172 -365.75502 -390.92801 -0.0 -0.0 <END>
-0.0 -495.0 -495.0 -439.38458 -372.65481 -357.4985 -368.03602 -390.93078 -0.0 -0.0 <END>
-0.0 -495.0 -495.0 -438.39119 -372.31207 -357.47638 -366.76103 -390.10634 -0.0 -0.0 <END>
-0.0 -495.0 -495.0 -432.01095 -368.02163 -354.24598 -361.29459 -382.02694 -0.0 -0.0 <END>
-0.0 -495.0 -495.0 -435.894 -369.00202 -353.74623 -364.23536 -377.34458 -0.0 -0.0 <END>
-0.0 -495.0 -495.0 -434.30433 -368.80159 -354.3331 -363.80128 -383.42755 -0.0 -0.0 <END>
-0.0 -495.0 -495.0 -434.00516 -367.52592 -354.10181 -362.62331 -387.29184 -0.0 -0.0 <END>
-0.0 -495.0 -495.0 -431.54939 -366.06476 -351.28033 -358.74092 -378.30477 -0.0 -0.0 <END>
-0.0 -495.0 -495.0 -432.1637 -365.57337 -350.29999 -360.7765 -381.69564 -0.0 -0.0 <END>
-0.0 -495.0 -495.0 -428.51786 -364.0186 -349.74685 -360.8965 -382.35856 -0.0 -0.0 <END>
-0.0 -495.0 -495.0 -439.99056 -369.14679 -352.09927 -360.34826 -376.04894 -0.0 -0.0 <END>
-0.0 -495.0 -495.0 -432.73446 -364.25332 -348.24469 -357.15772 -377.64403 -0.0 -0.0 <END>
-0.0 -495.0 -495.0 -439.69626 -367.27843 -349.85395 -355.65481 -372.91331 -0.0 -0.0 <END>
-0.0 -495.0 -495.0 -427.86682 -361.44411 -346.43329 -357.91563 -374.72528 -0.0 -0.0 <END>
-0.0 -495.0 -495.0 -432.77239 -364.20161 -348.24205 -357.9075 -375.57563 -0.0 -0.0 <END>
-0.0 -495.0 -495.0 -430.8333 -363.8377 -348.23422 -359.80937 -371.5476 -0.0 -0.0 <END>
-0.0 -495.0 -495.0 -430.21934 -362.49629 -346.75783 -355.13256 -374.46 -0.0 -0.0 <END>
-0.0 -495.0 -495.0 -437.96266 -363.58026 -345.95043 -355.745 -365.4369 -0.0 -0.0 <END>
-0.0 -495.0 -495.0 -437.08627 -362.20674 -344.50776 -353.23246 -368.008 -0.0 -0.0 <END>
-0.0 -495.0 -495.0 -432.40194 -360.08984 -343.0498 -351.44725 -370.63227 -0.0 -0.0 <END>
-0.0 -495.0 -495.0 -427.71079 -359.24802 -342.63876 -350.86174 -364.83307 -0.0 -0.0 <END>
-0.0 -495.0 -495.0 -442.16616 -362.40659 -343.5488 -350.27725 -370.38006 -0.0 -0.0 <END>
-0.0 -495.0 -495.0 -424.7592 -356.76055 -340.67943 -349.47069 -361.9572 -0.0 -0.0 <END>
-0.0 -495.0 -495.0 -437.33079 -360.58048 -341.49332 -349.01004 -367.43745 -0.0 -0.0 <END>
-0.0 -495.0 -495.0 -429.88822 -356.80378 -339.49126 -348.78253 -360.34504 -0.0 -0.0 <END>
-0.0 -495.0 -495.0 -428.59937 -355.4251 -338.07405 -348.77735 -363.50732 -0.0 -0.0 <END>
-0.0 -495.0 -495.0 -427.18727 -355.90766 -339.00536 -348.23343 -365.21331 -0.0 -0.0 <END>
-0.0 -495.0 -495.0 -427.70888 -355.55358 -338.41653 -347.8395 -361.40199 -0.0 -0.0 <END>
-0.0 -495.0 -495.0 -436.50078 -356.51277 -338.04657 -346.30693 -357.34689 -0.0 -0.0 <END>
-0.0 -495.0 -495.0 -432.58033 -355.50431 -337.24001 -344.85388 -361.59192 -0.0 -0.0 <END>
-0.0 -495.0 -495.0 -428.52189 -353.08305 -335.5826 -342.72437 -355.6363 -0.0 -0.0 <END>
-0.0 -495.0 -495.0 -434.67716 -352.69975 -333.79032 -338.99438 -354.42891 -0.0 -0.0 <END>
-0.0 -495.0 -495.0 -427.01085 -350.66575 -332.66181 -338.48717 -359.19759 -0.0 -0.0 <END>
-0.0 -495.0 -495.0 -440.85554 -355.15614 -335.23507 -340.19889 -354.31314 -0.0 -0.0 <END>
-0.0 -495.0 -495.0 -415.71438 -348.32351 -331.63832 -339.40947 -352.17429 -0.0 -0.0 <END>
-0.0 -495.0 -495.0 -443.2413 -354.52091 -333.88787 -337.3246 -355.01545 -0.0 -0.0 <END>
-0.0 -495.0 -495.0 -436.38384 -352.53755 -333.01988 -335.28518 -355.57947 -0.0 -0.0 <END>
-0.0 -495.0 -495.0 -440.21028 -352.8946 -332.46627 -336.97509 -354.17021 -0.0 -0.0 <END>
-0.0 -495.0 -495.0 -431.45978 -349.17809 -329.56188 -336.25153 -352.49313 -0.0 -0.0 <END>
-0.0 -495.0 -495.0 -431.70788 -348.05757 -328.26328 -334.39736 -351.05323 -0.0 -0.0 <END>
-0.0 -495.0 -495.0 -436.02836 -348.11275 -327.10881 -332.8679 -352.67865 -0.0 -0.0 <END>
-0.0 -495.0 -495.0 -427.48205 -344.93281 -326.84694 -337.20316 -354.23792 -0.0 -0.0 <END>
-0.0 -495.0 -495.0 -429.94481 -346.03961 -326.10593 -333.30171 -348.24862 -0.0 -0.0 <END>
-0.0 -495.0 -495.0 -428.29463 -345.21594 -325.51498 -328.11318 -347.30739 -0.0 -0.0 <END>
-0.0 -495.0 -495.0 -434.34223 -347.20766 -326.44802 -328.25142 -347.40637 -0.0 -0.0 <END>
-0.0 -495.0 -495.0 -432.47785 -345.16889 -325.66502 -328.9698 -342.78443 -0.0 -0.0 <END>
-0.0 -495.0 -495.0 -433.93234 -345.64391 -324.23317 -326.89484 -348.20893 -0.0 -0.0 <END>
-0.0 -495.0 -495.0 -425.26385 -342.83877 -323.3819 -325.63501 -345.22266 -0.0 -0.0 <END>
-0.0 -495.0 -495.0 -445.13394 -347.41693 -325.21578 -327.24683 -344.77357 -0.0 -0.0 <END>
-0.0 -495.0 -495.0 -444.53456 -347.54707 -323.88179 -326.52384 -346.5556 -0.0 -0.0 <END>
-0.0 -495.0 -495.0 -449.00851 -348.27165 -323.96075 -326.59642 -342.26257 -0.0 -0.0 <END>
-0.0 -495.0 -495.0 -438.02652 -345.21828 -322.74501 -325.16576 -347.33881 -0.0 -0.0 <END>
-0.0 -495.0 -495.0 -439.57616 -343.09026 -321.22655 -323.85516 -344.28158 -0.0 -0.0 <END>
-0.0 -495.0 -495.0 -433.23268 -341.66689 -319.47939 -324.04557 -340.91247 -0.0 -0.0 <END>
-0.0 -495.0 -495.0 -430.70223 -339.38104 -318.37431 -323.34783 -339.3459 -0.0 -0.0 <END>
-0.0 -495.0 -495.0 -447.85994 -345.7309 -320.32309 -321.01403 -339.97966 -0.0 -0.0 <END>
-0.0 -495.0 -495.0 -431.52876 -339.6178 -317.01315 -320.6778 -337.4009 -0.0 -0.0 <END>
-0.0 -495.0 -495.0 -430.99314 -338.4599 -316.05555 -317.04308 -335.62466 -0.0 -0.0 <END>
-0.0 -495.0 -495.0 -438.53301 -340.84678 -317.27481 -320.52643 -338.33923 -0.0 -0.0 <END>
-0.0 -495.0 -495.0 -438.68805 -340.72177 -316.91212 -319.3625 -337.95064 -0.0 -0.0 <END>
-0.0 -495.0 -495.0 -430.80809 -337.29323 -314.54294 -318.03131 -335.1755 -0.0 -0.0 <END>
-0.0 -495.0 -495.0 -426.58915 -335.56881 -313.33489 -315.22566 -335.46115 -0.0 -0.0 <END>
-0.0 -495.0 -495.0 -435.95671 -337.76889 -313.8061 -316.52477 -334.35243 -0.0 -0.0 <END>
-0.0 -495.0 -495.0 -439.2501 -337.7415 -314.22886 -315.22933 -335.69431 -0.0 -0.0 <END>
-0.0 -495.0 -495.0 -431.91552 -336.09562 -312.22241 -315.08096 -328.9686 -0.0 -0.0 <END>
-0.0 -495.0 -495.0 -434.67656 -334.36894 -310.85908 -314.17769 -334.37567 -0.0 -0.0 <END>
-0.0 -495.0 -495.0 -428.35435 -333.49125 -309.74945 -313.77643 -330.95925 -0.0 -0.0 <END>
-0.0 -495.0 -495.0 -421.59273 -331.34231 -309.33357 -312.4113 -329.57556 -0.0 -0.0 <END>
-0.0 -495.0 -495.0 -444.28016 -337.78472 -311.70805 -312.9194 -331.45261 -0.0 -0.0 <END>
-0.0 -495.0 -495.0 -427.21802 -331.07736 -307.30811 -309.54813 -326.55657 -0.0 -0.0 <END>
-0.0 -495.0 -495.0 -439.51276 -335.97068 -310.30912 -312.92155 -326.40115 -0.0 -0.0 <END>
-0.0 -495.0 -495.0 -443.04727 -335.63822 -308.76943 -309.83416 -323.13128 -0.0 -0.0 <END>
-0.0 -495.0 -495.0 -428.35522 -330.05652 -305.90482 -308.77377 -324.55398 -0.0 -0.0 <END>
-0.0 -495.0 -495.0 -431.992 -331.28692 -306.00191 -308.69436 -320.48663 -0.0 -0.0 <END>
-0.0 -495.0 -495.0 -437.70591 -333.09798 -307.07226 -309.36444 -320.66283 -0.0 -0.0 <END>
-0.0 -495.0 -495.0 -437.45032 -332.18608 -305.84792 -308.12429 -323.49457 -0.0 -0.0 <END>
-0.0 -495.0 -495.0 -435.99517 -330.66025 -304.04289 -305.44901 -324.88831 -0.0 -0.0 <END>
-0.0 -495.0 -495.0 -429.036 -328.17564 -303.21754 -305.20106 -322.37293 -0.0 -0.0 <END>
-0.0 -495.0 -495.0 -428.99201 -327.99286 -302.59101 -304.92817 -323.32513 -0.0 -0.0 <END>
-0.0 -495.0 -495.0 -436.21631 -330.62217 -304.19776 -305.6905 -320.8489 -0.0 -0.0 <END>
-0.0 -495.0 -495.0 -434.39965 -327.81853 -300.69243 -301.54731 -316.68802 -0.0 -0.0 <END>
-0.0 -495.0 -495.0 -440.18867 -328.63305 -301.54373 -303.32806 -319.43385 -0.0 -0.0 <END>
-0.0 -495.0 -495.0 -444.04054 -330.74337 -302.12472 -302.41153 -318.32437 -0.0 -0.0 <END>
-0.0 -495.0 -495.0 -432.86177 -326.274 -299.19147 -300.74072 -317.21098 -0.0 -0.0 <END>
-0.0 -495.0 -495.0 -428.58604 -324.07359 -297.38298 -298.80061 -316.23054 -0.0 -0.0 <END>
-0.0 -495.0 -495.0 -434.18672 -325.84847 -298.40305 -299.36444 -313.9389 -0.0 -0.0 <END>
-0.0 -495.0 -495.0 -429.11946 -324.31382 -297.76638 -300.20077 -317.74985 -0.0 -0.0 <END>
-0.0 -495.0 -495.0 -432.79071 -323.39095 -296.81659 -298.34289 -309.95052 -0.0 -0.0 <END>
-0.0 -495.0 -495.0 -425.84185 -321.55586 -294.87423 -296.89542 -312.02052 -0.0 -0.0 <END>
-0.0 -495.0 -495.0 -435.16136 -323.90294 -295.31111 -295.30905 -311.21837 -0.0 -0.0 <END>
-0.0 -495.0 -495.0 -441.95809 -325.8797 -295.63813 -295.05763 -311.59466 -0.0 -0.0 <END>
-0.0 -495.0 -495.0 -433.24152 -322.52836 -294.31034 -294.71438 -307.44276 -0.0 -0.0 <END>
-0.0 -495.0 -495.0 -443.03321 -325.50577 -295.27188 -294.67055 -308.22057 -0.0 -0.0 <END>
-0.0 -495.0 -495.0 -434.35276 -321.6679 -292.82559 -292.7791 -300.00363 -25.52869 -0.0 <END>
-0.0 -495.0 -495.0 -434.91224 -320.9364 -293.02699 -294.0591 -309.11083 -0.0 -0.0 <END>
-0.0 -495.0 -495.0 -443.36871 -324.55615 -293.58292 -292.62557 -300.87878 -84.99406 -0.0 <END>
-0.0 -495.0 -495.0 -443.17964 -323.78617 -292.87453 -291.67006 -300.41604 -25.04229 -0.0 <END>
-0.0 -495.0 -495.0 -440.03715 -322.42567 -292.27935 -291.43416 -300.09471 -24.6305 -0.0 <END>
-0.0 -495.0 -495.0 -429.1083 -318.49838 -290.22417 -290.23156 -304.49865 -0.0 -0.0 <END>
-0.0 -495.0 -495.0 -427.22495 -317.23758 -288.89588 -289.45467 -308.02676 -0.0 -0.0 <END>
-0.0 -495.0 -495.0 -423.5027 -315.44497 -287.19104 -287.3755 -298.12371 -0.0 -0.0 <END>
-0.0 -495.0 -495.0 -439.01534 -320.25365 -289.1981 -288.03705 -297.3204 -76.93184 -0.0 <END>
-0.0 -495.0 -495.0 -431.92796 -317.21677 -287.45993 -286.43298 -302.42255 -17.66942 -0.0 <END>
-0.0 -495.0 -495.0 -437.99091 -318.68987 -287.25897 -285.27511 -294.18129 -74.09687 -0.0 <END>
-0.0 -495.0 -495.0 -442.07103 -319.93892 -287.85554 -285.7382 -298.40085 -18.11643 -0.0 <END>
-0.0 -495.0 -495.0 -450.76706 -320.5503 -287.35535 -285.77006 -294.2011 -136.03936 -0.0 <END>
-0.0 -495.0 -495.0 -433.60245 -316.30964 -285.47215 -283.87712 -294.56513 -73.43868 -0.0 <END>
-0.0 -495.0 -495.0 -433.51391 -315.35168 -284.28509 -282.55741 -293.43959 -135.76448 -0.0 <END>
-0.0 -495.0 -495.0 -434.02528 -314.63997 -283.63079 -281.33132 -291.34587 -129.96673 -0.0 <END>
-0.0 -495.0 -495.0 -437.23931 -315.02016 -282.72221 -280.29527 -285.92527 -128.46532 -0.0 <END>
-0.0 -495.0 -495.0 -424.26641 -310.99135 -281.65543 -280.77356 -291.4449 -67.41786 -0.0 <END>
-0.0 -495.0 -495.0 -431.6186 -313.35566 -282.1182 -279.5375 -288.20852 -192.62427 -0.0 <END>
-0.0 -495.0 -495.0 -441.73839 -316.23217 -283.05767 -279.88243 -290.23739 -196.07213 -0.0 <END>
-0.0 -495.0 -495.0 -439.40858 -314.95802 -282.11099 -278.96543 -289.02168 -249.27266 -0.0 <END>
-0.0 -495.0 -495.0 -432.78976 -311.9825 -279.89153 -277.10711 -288.56003 -252.22575 -0.0 <END>
-0.0 -495.0 -495.0 -440.11172 -314.53174 -281.58072 -278.24886 -287.11362 -188.82797 -0.0 <END>
-0.0 -495.0 -495.0 -437.73066 -311.62415 -279.50054 -276.98119 -287.70623 -186.61921 -0.0 <END>
-0.0 -495.0 -495.0 -424.74115 -308.04576 -277.87994 -276.21293 -288.8745 -187.27308 -0.0 <END>
-0.0 -495.0 -495.0 -435.12493 -310.51152 -277.29468 -273.65132 -284.18892 -243.54465 -0.0 <END>
-0.0 -495.0 -495.0 -429.05358 -308.44801 -277.08508 -274.5715 -283.57155 -124.09025 -0.0 <END>
-0.0 -495.0 -495.0 -435.98294 -310.59244 -277.44269 -274.1101 -282.78437 -302.83418 -0.0 <END>
-0.0 -495.0 -495.0 -431.85356 -308.58396 -276.27215 -272.88728 -278.77071 -298.40897 -0.0 <END>
-0.0 -495.0 -495.0 -436.62219 -307.7714 -274.46124 -271.64131 -276.87732 -178.82963 -0.0 <END>
-0.0 -495.0 -495.0 -431.847 -307.15318 -274.52265 -270.89276 -282.03237 -304.40432 -0.0 <END>
-0.0 -495.0 -495.0 -448.84142 -312.89305 -276.61997 -270.84502 -282.25258 -300.39121 -0.0 <END>
-0.0 -495.0 -495.0 -430.161 -306.16195 -273.52516 -270.19657 -279.19477 -305.14507 -0.0 <END>
-0.0 -495.0 -495.0 -452.00884 -313.19739 -275.91654 -270.11162 -281.26065 -301.37812 -0.0 <END>
-0.0 -495.0 -495.0 -439.73377 -308.83265 -273.61451 -268.88528 -279.67141 -295.12515 -0.0 <END>
-0.0 -495.0 -495.0 -435.53786 -306.78407 -272.2079 -268.18588 -281.20263 -297.16375 -0.0 <END>
-0.0 -495.0 -495.0 -429.42181 -304.76953 -271.16003 -266.8335 -280.37697 -301.57295 -0.0 <END>
-0.0 -495.0 -495.0 -438.51518 -307.07332 -271.72671 -266.70369 -274.2706 -300.19964 -0.0 <END>
-0.0 -495.0 -495.0 -436.64593 -305.93984 -271.00376 -265.80905 -276.75547 -297.0061 -0.0 <END>
-0.0 -495.0 -495.0 -434.78635 -305.01806 -270.01439 -265.76722 -278.34881 -294.15287 -0.0 <END>
-0.0 -495.0 -495.0 -428.53087 -301.9878 -268.86488 -264.67754 -274.77545 -292.24353 -0.0 <END>
-0.0 -495.0 -495.0 -434.97655 -303.73893 -268.76892 -263.4007 -270.44522 -291.3469 -0.0 <END>
-0.0 -495.0 -495.0 -447.15517 -307.35292 -270.52979 -264.30642 -273.61137 -291.64238 -0.0 <END>
-0.0 -495.0 -495.0 -429.90608 -301.09493 -266.86232 -261.94051 -270.58892 -293.32418 -0.0 <END>
-0.0 -495.0 -495.0 -446.22387 -306.329 -268.94874 -262.33399 -272.34121 -288.97592 -0.0 <END>
-0.0 -495.0 -495.0 -448.72066 -306.8722 -268.63823 -261.59319 -272.25382 -292.17111 -0.0 <END>
-0.0 -495.0 -495.0 -436.88788 -300.39657 -265.26748 -259.8115 -269.8813 -290.00621 -0.0 <END>
-0.0 -495.0 -495.0 -436.26726 -301.64282 -265.96666 -259.65599 -267.89039 -291.59017 -0.0 <END>
-0.0 -495.0 -495.0 -437.48277 -301.71174 -264.99626 -259.47884 -270.0299 -290.30783 -0.0 <END>
-0.0 -495.0 -495.0 -433.17862 -300.17874 -265.05789 -259.17695 -269.23163 -291.48316 -0.0 <END>
-0.0 -495.0 -495.0 -443.39331 -303.21496 -264.84151 -257.58043 -269.37266 -287.6455 -0.0 <END>
-0.0 -495.0 -495.0 -431.95056 -298.49404 -262.6121 -256.61908 -264.53362 -287.92476 -0.0 <END>
-0.0 -495.0 -495.0 -428.9472 -297.4694 -261.75453 -255.92747 -263.90669 -283.30498 -0.0 <END>
-0.0 -495.0 -495.0 -430.00047 -295.84008 -260.91594 -256.08913 -263.30738 -284.65384 -0.0 <END>
-0.0 -495.0 -495.0 -455.45956 -306.08819 -263.87858 -255.91427 -263.04467 -283.33582 -0.0 <END>
-0.0 -495.0 -495.0 -433.71658 -297.97555 -260.92774 -254.7036 -261.1092 -283.6688 -0.0 <END>
-0.0 -495.0 -495.0 -443.5863 -300.90536 -262.22005 -254.44388 -265.0841 -280.93082 -0.0 <END>
-0.0 -495.0 -495.0 -446.91391 -301.72761 -262.44759 -254.34477 -261.00697 -276.17658 -0.0 <END>
-0.0 -495.0 -495.0 -443.56132 -298.06492 -259.77709 -252.96878 -261.24291 -277.38949 -0.0 <END>
-0.0 -495.0 -495.0 -450.98515 -300.18217 -260.05929 -252.49951 -263.2191 -277.01433 -0.0 <END>
-0.0 -495.0 -495.0 -445.42255 -299.93258 -260.21516 -251.5314 -261.27769 -278.27755 -0.0 <END>
-0.0 -495.0 -495.0 -440.78301 -298.1151 -259.1762 -250.77898 -258.0229 -275.02203 -0.0 <END>
-0.0 -495.0 -495.0 -436.6519 -295.76752 -257.23122 -249.06022 -259.0037 -278.28462 -0.0 <END>
-0.0 -495.0 -495.0 -436.5465 -295.56988 -256.94925 -249.00546 -257.09733 -272.31462 -0.0 <END>
-0.0 -495.0 -495.0 -446.80405 -298.79182 -257.79569 -248.60777 -258.69895 -278.4233 -0.0 <END>
-0.0 -495.0 -495.0 -430.27856 -292.50716 -255.10956 -247.88204 -257.61552 -270.37911 -0.0 <END>
-0.0 -495.0 -495.0 -448.53729 -299.04635 -257.57555 -248.27114 -253.89047 -268.50939 -0.0 <END>
-0.0 -495.0 -495.0 -440.67099 -295.58332 -255.92672 -247.02065 -255.47718 -274.08276 -0.0 <END>
-0.0 -495.0 -495.0 -434.46756 -292.79575 -254.00125 -245.42885 -252.99166 -266.51014 -0.0 <END>
-0.0 -495.0 -495.0 -437.69634 -293.75957 -253.27075 -244.54462 -253.0741 -267.59463 -0.0 <END>
-0.0 -495.0 -495.0 -450.13135 -297.82314 -255.15166 -245.11405 -250.83406 -260.98261 -0.0 <END>
-0.0 -495.0 -495.0 -438.14813 -291.61039 -253.27567 -244.79675 -251.13745 -263.36305 -0.0 <END>
-0.0 -495.0 -495.0 -433.72219 -290.83369 -251.61355 -243.04833 -250.53558 -265.00941 -0.0 <END>
-0.0 -495.0 -495.0 -430.86017 -289.75313 -250.87415 -242.42897 -252.00378 -268.16028 -0.0 <END>
-0.0 -495.0 -495.0 -432.32884 -289.39168 -250.16643 -241.70725 -248.40461 -261.82648 -0.0 <END>
-0.0 -495.0 -495.0 -436.36349 -290.81327 -250.72499 -241.33123 -250.06901 -266.23713 -0.0 <END>
-0.0 -495.0 -495.0 -444.37771 -293.37129 -251.37551 -241.65435 -247.91549 -262.97914 -0.0 <END>
-0.0 -495.0 -495.0 -439.56765 -291.2137 -249.75039 -240.09697 -247.07476 -256.85975 -0.0 <END>
-0.0 -495.0 -495.0 -439.89015 -291.20799 -249.10872 -240.12097 -246.32807 -260.21075 -0.0 <END>
-0.0 -495.0 -495.0 -443.15721 -289.76101 -248.85863 -239.00265 -243.80175 -253.44051 -0.0 <END>
-0.0 -495.0 -495.0 -442.36232 -291.1764 -248.93491 -238.2129 -245.45999 -255.36346 -0.0 <END>
-0.0 -495.0 -495.0 -439.93894 -289.80999 -247.37941 -236.65306 -242.05383 -251.49063 -0.0 <END>
-0.0 -495.0 -495.0 -433.60714 -287.18082 -245.86761 -236.34682 -244.52584 -255.66156 -0.0 <END>
-0.0 -495.0 -495.0 -433.68032 -287.01419 -246.54847 -236.7215 -245.84757 -257.55704 -0.0 <END>
-0.0 -495.0 -495.0 -436.00842 -287.64331 -245.79898 -235.51208 -242.86577 -257.31755 -0.0 <END>
-0.0 -495.0 -495.0 -432.30865 -285.57311 -243.90784 -234.55308 -242.76058 -260.16265 -0.0 <END>
-0.0 -495.0 -495.0 -437.44469 -287.66113 -245.65502 -235.38228 -241.09387 -253.81521 -0.0 <END>
-0.0 -495.0 -495.0 -437.43179 -286.67528 -244.88076 -234.42618 -238.98895 -251.39018 -0.0 <END>
-0.0 -495.0 -495.0 -432.22993 -282.96526 -242.20596 -233.19999 -239.12018 -251.11571 -0.0 <END>
-0.0 -495.0 -495.0 -440.83832 -287.12187 -243.64407 -232.52921 -238.1775 -254.28519 -0.0 <END>
-0.0 -495.0 -495.0 -444.5462 -286.34938 -242.68608 -231.85524 -236.99374 -244.86238 -0.0 <END>
-0.0 -495.0 -495.0 -438.69943 -286.21575 -242.3145 -230.93163 -234.73027 -250.91159 -0.0 <END>
-0.0 -495.0 -495.0 -436.56139 -284.82099 -241.89944 -230.81139 -234.19689 -246.9234 -0.0 <END>
-0.0 -495.0 -495.0 -447.43004 -289.12493 -243.69799 -231.23449 -235.85047 -252.07179 -0.0 <END>
-0.0 -495.0 -495.0 -437.30068 -284.46925 -241.02881 -229.4346 -235.16869 -247.40742 -0.0 <END>
-0.0 -495.0 -495.0 -440.28668 -285.16001 -241.62555 -229.86817 -235.58681 -247.40819 -0.0 <END>
-0.0 -495.0 -495.0 -437.61328 -284.14032 -240.07507 -228.2499 -232.80753 -246.2659 -0.0 <END>
-0.0 -495.0 -495.0 -439.70129 -284.64183 -238.82718 -227.48129 -230.75955 -245.57553 -0.0 <END>
-0.0 -495.0 -495.0 -448.80486 -288.37348 -241.32896 -228.53713 -231.94467 -243.25739 -0.0 <END>
-0.0 -495.0 -495.0 -439.83076 -283.79483 -238.74532 -225.98555 -228.8798 -249.56052 -0.0 <END>
-0.0 -495.0 -495.0 -442.82208 -285.12146 -239.07651 -226.67831 -230.28524 -244.33726 -0.0 <END>
-0.0 -495.0 -495.0 -428.6254 -278.45989 -237.11013 -226.16411 -231.38842 -243.15949 -0.0 <END>
-0.0 -495.0 -495.0 -439.56114 -283.08651 -237.84854 -225.21332 -229.8818 -245.00316 -0.0 <END>
-0.0 -495.0 -495.0 -438.59635 -282.13939 -236.65144 -224.21968 -226.75768 -236.90922 -0.0 <END>
-0.0 -495.0 -495.0 -437.74698 -281.34269 -236.48569 -224.41261 -229.22967 -242.56925 -0.0 <END>
-0.0 -495.0 -495.0 -436.20703 -281.56026 -234.52321 -222.44329 -228.069 -241.49212 -0.0 <END>
-0.0 -495.0 -495.0 -434.26032 -277.27056 -234.16424 -222.76315 -227.49878 -244.66027 -0.0 <END>
-0.0 -495.0 -495.0 -446.34035 -290.11162 -235.91926 -222.06785 -225.79432 -238.83107 -0.0 <END>
-0.0 -495.0 -495.0 -442.56329 -285.25689 -235.3278 -222.33446 -224.11002 -236.12704 -0.0 <END>
-0.0 -495.0 -495.0 -433.72696 -278.80431 -233.59933 -221.2218 -223.56174 -240.70998 -0.0 <END>
-0.0 -495.0 -495.0 -444.43896 -287.8959 -234.48674 -220.86928 -224.98519 -236.83701 -0.0 <END>
-0.0 -495.0 -495.0 -439.22131 -283.91423 -233.62709 -220.50649 -224.14711 -238.54746 -0.0 <END>
-0.0 -495.0 -495.0 -430.04169 -276.19223 -231.01432 -218.48268 -220.87062 -235.02313 -0.0 <END>
-0.0 -495.0 -495.0 -447.09386 -290.52647 -233.89059 -219.79531 -223.33538 -236.51313 -0.0 <END>
-0.0 -495.0 -495.0 -445.09109 -289.29457 -232.37148 -218.24905 -220.68604 -230.04854 -0.0 <END>
-0.0 -495.0 -495.0 -448.69766 -291.73351 -233.18965 -218.85707 -222.10978 -235.92124 -0.0 <END>
-0.0 -495.0 -495.0 -434.38989 -280.45912 -230.26592 -217.02862 -219.32699 -236.7638 -0.0 <END>
-0.0 -495.0 -495.0 -434.18969 -281.60296 -229.60528 -216.56169 -218.65697 -233.86122 -0.0 <END>
