-0.0 -495.0 -382.26371 -0.0 -0.0 -0.0 -0.0 -0.0 -0.0 -0.0 <END>
-0.0 -495.0 -395.10516 -0.0 -0.0 -0.0 -0.0 -0.0 -0.0 -0.0 -0.0 <END>
-0.0 -495.0 -378.52333 -0.0 -0.0 -0.0 -0.0 -0.0 -0.0 -0.0 <END>
-0.0 -495.0 -391.03611 -0.0 -0.0 -0.0 -0.0 -0.0 -0.0 -0.0 <END>
-0.0 -495.0 -383.05781 -0.0 -0.0 -0.0 -0.0 -0.0 -0.0 -0.0 <END>
-0.0 -495.0 -387.88162 -0.0 -0.0 -0.0 -0.0 -0.0 -0.0 -0.0 <END>
-0.0 -495.0 -388.17846 -0.0 -0.0 -0.0 -0.0 -0.0 -0.0 -0.0 <END>
-0.0 -495.0 -388.79026 -0.0 -0.0 -0.0 -0.0 -0.0 -0.0 -0.0 <END>
-0.0 -495.0 -382.0756 -0.0 -0.0 -0.0 -0.0 -0.0 -0.0 -0.0 <END>
-0.0 -495.0 -392.25241 -0.0 -0.0 -0.0 -0.0 -0.0 -0.0 -0.0 <END>
-0.0 -495.0 -384.72005 -0.0 -0.0 -0.0 -0.0 -0.0 -0.0 -0.0 <END>
-0.0 -495.0 -379.00756 -0.0 -0.0 -0.0 -0.0 -0.0 -0.0 -0.0 <END>
-0.0 -495.0 -389.09874 -0.0 -0.0 -0.0 -0.0 -0.0 -0.0 -0.0 <END>
-0.0 -495.0 -379.50553 -0.0 -0.0 -0.0 -0.0 -0.0 -0.0 -0.0 <END>
-0.0 -495.0 -382.93252 -0.0 -0.0 -0.0 -0.0 -0.0 -0.0 -0.0 <END>
-0.0 -495.0 -385.17463 -0.0 -0.0 -0.0 -0.0 -0.0 -0.0 -0.0 <END>
-0.0 -495.0 -385.75426 -13.49999 -0.0 -0.0 -0.0 -0.0 -0.0 -0.0 <END>
-0.0 -495.0 -380.61293 -0.0 -0.0 -0.0 -0.0 -0.0 -0.0 -0.0 <END>
-0.0 -495.0 -386.72273 -13.49999 -0.0 -0.0 -0.0 -0.0 -0.0 -0.0 <END>
-0.0 -495.0 -390.43694 -11.69999 -0.0 -0.0 -0.0 -0.0 -0.0 -0.0 <END>
-0.0 -495.0 -387.41173 -13.49999 -0.0 -0.0 -0.0 -0.0 -0.0 -0.0 <END>
-0.0 -495.0 -376.04153 -0.0 -0.0 -0.0 -0.0 -0.0 -0.0 -0.0 <END>
-0.0 -495.0 -380.71736 -13.49999 -0.0 -0.0 -0.0 -0.0 -0.0 -0.0 <END>
-0.0 -495.0 -379.76416 -13.49999 -0.0 -0.0 -0.0 -0.0 -0.0 -0.0 <END>
-0.0 -495.0 -384.1969 -15.29999 -0.0 -0.0 -0.0 -0.0 -0.0 -0.0 <END>
-0.0 -495.0 -379.70625 -74.69999 -0.0 -0.0 -0.0 -0.0 -0.0 -0.0 <END>
-0.0 -495.0 -374.79699 -0.0 -0.0 -0.0 -0.0 -0.0 -0.0 -0.0 <END>
-0.0 -495.0 -386.01537 -135.9 -0.0 -0.0 -0.0 -0.0 -0.0 -0.0 <END>
-0.0 -495.0 -378.16429 -14.39999 -0.0 -0.0 -0.0 -0.0 -0.0 -0.0 <END>
-0.0 -495.0 -382.17432 -15.29999 -0.0 -0.0 -0.0 -0.0 -0.0 -0.0 <END>
-0.0 -495.0 -380.92192 -72.89999 -0.0 -0.0 -0.0 -0.0 -0.0 -0.0 <END>
-0.0 -495.0 -384.29533 -193.49999 -0.0 -0.0 -0.0 -0.0 -0.0 -0.0 <END>
-0.0 -495.0 -372.03087 -11.69999 -0.0 -0.0 -0.0 -0.0 -0.0 -0.0 <END>
-0.0 -495.0 -378.59349 -73.79999 -0.0 -0.0 -0.0 -0.0 -0.0 -0.0 <END>
-0.0 -495.0 -373.85538 -0.0 -0.0 -0.0 -0.0 -0.0 -0.0 -0.0 <END>
-0.0 -495.0 -385.09745 -194.39999 -0.0 -0.0 -0.0 -0.0 -0.0 -0.0 <END>
-0.0 -495.0 -374.1081 -75.59999 -0.0 -0.0 -0.0 -0.0 -0.0 -0.0 <END>
-0.0 -495.0 -376.34785 -195.3 -0.0 -0.0 -0.0 -0.0 -0.0 -0.0 <END>
-0.0 -495.0 -380.09314 -193.49999 -0.0 -0.0 -0.0 -0.0 -0.0 -0.0 <END>
-0.0 -495.0 -377.88943 -495.0 -0.0 -0.0 -0.0 -0.0 -0.0 -0.0 <END>
-0.0 -495.0 -383.44231 -254.7 -0.0 -0.0 -0.0 -0.0 -0.0 -0.0 <END>
-0.0 -495.0 -374.87176 -134.09999 -0.0 -0.0 -0.0 -0.0 -0.0 -0.0 <END>
-0.0 -495.0 -381.45718 -193.49999 -0.0 -0.0 -0.0 -0.0 -0.0 -0.0 <END>
-0.0 -495.0 -383.27266 -374.4 -0.0 -0.0 -0.0 -0.0 -0.0 -0.0 <END>
-0.0 -495.0 -376.90167 -74.69999 -0.0 -0.0 -0.0 -0.0 -0.0 -0.0 <END>
-0.0 -495.0 -381.91642 -254.7 -0.0 -0.0 -0.0 -0.0 -0.0 -0.0 <END>
-0.0 -495.0 -377.07233 -75.59999 -0.0 -0.0 -0.0 -0.0 -0.0 -0.0 <END>
-0.0 -495.0 -375.05991 -254.7 -0.0 -0.0 -0.0 -0.0 -0.0 -0.0 <END>
-0.0 -495.0 -376.33037 -314.1 -0.0 -0.0 -0.0 -0.0 -0.0 -0.0 <END>
-0.0 -495.0 -376.42307 -195.3 -0.0 -0.0 -0.0 -0.0 -0.0 -0.0 <END>
-0.0 -495.0 -375.64303 -495.0 -0.0 -0.0 -0.0 -0.0 -0.0 -0.0 <END>
-0.0 -495.0 -385.10421 -375.3 -0.0 -0.0 -0.0 -0.0 -0.0 -0.0 <END>
-0.0 -495.0 -382.96955 -375.3 -0.0 -0.0 -0.0 -0.0 -0.0 -0.0 <END>
-0.0 -495.0 -381.20436 -194.39999 -0.0 -0.0 -0.0 -0.0 -0.0 -0.0 <END>
-0.0 -495.0 -364.54461 -134.09999 -0.0 -0.0 -0.0 -0.0 -0.0 -0.0 <END>
-0.0 -495.0 -372.83922 -193.49999 -0.0 -0.0 -0.0 -0.0 -0.0 -0.0 <END>
-0.0 -495.0 -367.23648 -434.7 -0.0 -0.0 -0.0 -0.0 -0.0 -0.0 <END>
-0.0 -495.0 -380.13723 -374.4 -0.0 -0.0 -0.0 -0.0 -0.0 -0.0 <END>
-0.0 -495.0 -389.79917 -495.0 -0.0 -0.0 -0.0 -0.0 -0.0 -0.0 <END>
-0.0 -495.0 -378.55188 -374.4 -0.0 -0.0 -0.0 -0.0 -0.0 -0.0 <END>
-0.0 -495.0 -378.06524 -193.49999 -0.0 -0.0 -0.0 -0.0 -0.0 -0.0 <END>
-0.0 -495.0 -369.11723 -134.09999 -0.0 -0.0 -0.0 -0.0 -0.0 -0.0 <END>
-0.0 -495.0 -378.16219 -375.3 -0.0 -0.0 -0.0 -0.0 -0.0 -0.0 <END>
-0.0 -495.0 -372.33621 -253.79999 -0.0 -0.0 -0.0 -0.0 -0.0 -0.0 <END>
-0.0 -495.0 -375.24183 -434.7 -0.0 -0.0 -0.0 -0.0 -0.0 -0.0 <END>
-0.0 -495.0 -376.60288 -495.0 -0.0 -0.0 -0.0 -0.0 -0.0 -0.0 <END>
-0.0 -495.0 -366.6725 -314.1 -0.0 -0.0 -0.0 -0.0 -0.0 -0.0 <END>
-0.0 -495.0 -368.83188 -495.0 -0.0 -0.0 -0.0 -0.0 -0.0 -0.0 <END>
-0.0 -495.0 -380.23909 -495.0 -0.0 -0.0 -0.0 -0.0 -0.0 -0.0 <END>
-0.0 -495.0 -368.00207 -314.1 -0.0 -0.0 -0.0 -0.0 -0.0 -0.0 <END>
-0.0 -495.0 -370.87293 -495.0 -0.0 -0.0 -0.0 -0.0 -0.0 -0.0 <END>
-0.0 -495.0 -379.61144 -495.0 -0.0 -0.0 -0.0 -0.0 -0.0 -0.0 <END>
-0.0 -495.0 -374.02432 -495.0 -0.0 -0.0 -0.0 -0.0 -0.0 -0.0 <END>
-0.0 -495.0 -375.86966 -495.0 -0.0 -0.0 -0.0 -0.0 -0.0 -0.0 <END>
-0.0 -495.0 -366.75501 -495.0 -0.0 -0.0 -0.0 -0.0 -0.0 -0.0 <END>
-0.0 -495.0 -366.31759 -435.6 -0.0 -0.0 -0.0 -0.0 -0.0 -0.0 <END>
-0.0 -495.0 -376.69997 -482.80976 -0.0 -0.0 -0.0 -0.0 -0.0 -0.0 <END>
-0.0 -495.0 -383.97613 -495.0 -0.0 -0.0 -0.0 -0.0 -0.0 -0.0 <END>
-0.0 -495.0 -368.12812 -313.19999 -0.0 -0.0 -0.0 -0.0 -0.0 -0.0 <END>
-0.0 -495.0 -364.50392 -434.7 -0.0 -0.0 -0.0 -0.0 -0.0 -0.0 <END>
-0.0 -495.0 -374.60297 -495.0 -0.0 -0.0 -0.0 -0.0 -0.0 -0.0 <END>
-0.0 -495.0 -361.7598 -434.7 -0.0 -0.0 -0.0 -0.0 -0.0 -0.0 <END>
-0.0 -495.0 -368.30481 -495.0 -0.0 -0.0 -0.0 -0.0 -0.0 -0.0 <END>
-0.0 -495.0 -378.13898 -473.06452 -0.0 -0.0 -0.0 -0.0 -0.0 -0.0 <END>
-0.0 -495.0 -366.52625 -495.0 -0.0 -0.0 -0.0 -0.0 -0.0 -0.0 <END>
-0.0 -495.0 -365.39798 -495.0 -0.0 -0.0 -0.0 -0.0 -0.0 -0.0 <END>
-0.0 -495.0 -379.41524 -495.0 -0.0 -0.0 -0.0 -0.0 -0.0 -0.0 <END>
-0.0 -495.0 -385.9631 -495.0 -0.0 -0.0 -0.0 -0.0 -0.0 -0.0 <END>
-0.0 -495.0 -378.65637 -407.22289 -0.0 -0.0 -0.0 -0.0 -0.0 -0.0 <END>
-0.0 -495.0 -366.72147 -433.44228 -0.0 -0.0 -0.0 -0.0 -0.0 -0.0 <END>
-0.0 -495.0 -361.50985 -495.0 -0.0 -0.0 -0.0 -0.0 -0.0 -0.0 <END>
-0.0 -495.0 -367.62064 -444.45477 -0.0 -0.0 -0.0 -0.0 -0.0 -0.0 <END>
-0.0 -495.0 -358.60241 -495.0 -0.0 -0.0 -0.0 -0.0 -0.0 -0.0 <END>
-0.0 -495.0 -365.07715 -477.75816 -0.0 -0.0 -0.0 -0.0 -0.0 -0.0 <END>
-0.0 -495.0 -372.88761 -425.60739 -0.0 -0.0 -0.0 -0.0 -0.0 -0.0 <END>
-0.0 -495.0 -356.15078 -495.0 -0.0 -0.0 -0.0 -0.0 -0.0 -0.0 <END>
-0.0 -495.0 -374.41769 -417.82205 -0.0 -0.0 -0.0 -0.0 -0.0 -0.0 <END>
-0.0 -495.0 -367.43443 -452.58071 -0.0 -0.0 -0.0 -0.0 -0.0 -0.0 <END>
-0.0 -495.0 -369.95404 -371.7016 -0.0 -0.0 -0.0 -0.0 -0.0 -0.0 <END>
-0.0 -495.0 -390.73005 -404.2555 -0.0 -0.0 -0.0 -0.0 -0.0 -0.0 <END>
-0.0 -495.0 -371.13755 -397.10843 -0.0 -0.0 -0.0 -0.0 -0.0 -0.0 <END>
-0.0 -495.0 -362.96529 -495.0 -0.0 -0.0 -0.0 -0.0 -0.0 -0.0 <END>
-0.0 -495.0 -378.06826 -443.12826 -0.0 -0.0 -0.0 -0.0 -0.0 -0.0 <END>
-0.0 -495.0 -367.56231 -495.0 -0.0 -0.0 -0.0 -0.0 -0.0 -0.0 <END>
-0.0 -495.0 -363.27918 -451.02528 -0.0 -0.0 -0.0 -0.0 -0.0 -0.0 <END>
-0.0 -495.0 -370.43276 -393.34532 -0.0 -0.0 -0.0 -0.0 -0.0 -0.0 <END>
-0.0 -495.0 -378.53316 -403.84673 -0.0 -0.0 -0.0 -0.0 -0.0 -0.0 <END>
-0.0 -495.0 -371.57693 -455.72161 -0.0 -0.0 -0.0 -0.0 -0.0 -0.0 <END>
-0.0 -495.0 -384.66491 -428.35348 -0.0 -0.0 -0.0 -0.0 -0.0 -0.0 <END>
-0.0 -495.0 -372.08897 -434.00326 -0.0 -0.0 -0.0 -0.0 -0.0 -0.0 <END>
-0.0 -495.0 -362.57392 -461.72932 -0.0 -0.0 -0.0 -0.0 -0.0 -0.0 <END>
-0.0 -495.0 -375.5894 -459.95326 -0.0 -0.0 -0.0 -0.0 -0.0 -0.0 <END>
-0.0 -495.0 -371.77219 -461.23617 -0.0 -0.0 -0.0 -0.0 -0.0 -0.0 <END>
-0.0 -495.0 -374.43253 -387.18363 -0.0 -0.0 -0.0 -0.0 -0.0 -0.0 <END>
-0.0 -495.0 -371.95222 -389.32754 -0.0 -0.0 -0.0 -0.0 -0.0 -0.0 <END>
-0.0 -495.0 -360.28358 -478.56088 -0.0 -0.0 -0.0 -0.0 -0.0 -0.0 <END>
-0.0 -495.0 -354.175 -434.7 -0.0 -0.0 -0.0 -0.0 -0.0 -0.0 <END>
-0.0 -495.0 -362.47731 -356.50983 -0.0 -0.0 -0.0 -0.0 -0.0 -0.0 <END>
-0.0 -495.0 -376.35496 -389.39408 -0.0 -0.0 -0.0 -0.0 -0.0 -0.0 <END>
-0.0 -495.0 -347.4913 -495.0 -0.0 -0.0 -0.0 -0.0 -0.0 -0.0 <END>
-0.0 -495.0 -354.87869 -458.25269 -0.0 -0.0 -0.0 -0.0 -0.0 -0.0 <END>
-0.0 -495.0 -375.33085 -376.99925 -0.0 -0.0 -0.0 -0.0 -0.0 -0.0 <END>
-0.0 -495.0 -373.686 -378.08205 -0.0 -0.0 -0.0 -0.0 -0.0 -0.0 <END>
-0.0 -495.0 -374.75691 -397.58682 -0.0 -0.0 -0.0 -0.0 -0.0 -0.0 <END>
-0.0 -495.0 -355.74185 -426.11487 -0.0 -0.0 -0.0 -0.0 -0.0 -0.0 <END>
-0.0 -495.0 -372.93263 -370.20046 -0.0 -0.0 -0.0 -0.0 -0.0 -0.0 <END>
-0.0 -495.0 -371.95315 -489.00056 -0.0 -0.0 -0.0 -0.0 -0.0 -0.0 <END>
-0.0 -495.0 -377.40008 -363.28344 -0.0 -0.0 -0.0 -0.0 -0.0 -0.0 <END>
-0.0 -495.0 -372.96202 -421.4231 -0.0 -0.0 -0.0 -0.0 -0.0 -0.0 <END>
-0.0 -495.0 -372.32666 -352.52519 -0.0 -0.0 -0.0 -0.0 -0.0 -0.0 <END>
-0.0 -495.0 -367.39346 -377.78204 -0.0 -0.0 -0.0 -0.0 -0.0 -0.0 <END>
-0.0 -495.0 -360.70545 -364.08038 -0.0 -0.0 -0.0 -0.0 -0.0 -0.0 <END>
-0.0 -495.0 -369.51592 -390.42668 -0.0 -0.0 -0.0 -0.0 -0.0 -0.0 <END>
-0.0 -495.0 -366.31823 -371.99421 -0.0 -0.0 -0.0 -0.0 -0.0 -0.0 <END>
-0.0 -495.0 -370.89317 -345.86991 -0.0 -0.0 -0.0 -0.0 -0.0 -0.0 <END>
-0.0 -495.0 -368.91823 -326.39565 -0.0 -0.0 -0.0 -0.0 -0.0 -0.0 <END>
-0.0 -495.0 -356.17 -425.03243 -0.0 -0.0 -0.0 -0.0 -0.0 -0.0 <END>
-0.0 -495.0 -366.77734 -379.04283 -0.0 -0.0 -0.0 -0.0 -0.0 -0.0 <END>
-0.0 -495.0 -351.42646 -403.1435 -0.0 -0.0 -0.0 -0.0 -0.0 -0.0 <END>
-0.0 -495.0 -366.68399 -327.90596 -0.0 -0.0 -0.0 -0.0 -0.0 -0.0 <END>
-0.0 -495.0 -364.39008 -357.07071 -0.0 -0.0 -0.0 -0.0 -0.0 -0.0 <END>
-0.0 -495.0 -366.2992 -362.4559 -0.0 -0.0 -0.0 -0.0 -0.0 -0.0 <END>
-0.0 -495.0 -368.40259 -341.80287 -0.0 -0.0 -0.0 -0.0 -0.0 -0.0 <END>
-0.0 -495.0 -374.48917 -346.37177 -0.0 -0.0 -0.0 -0.0 -0.0 -0.0 <END>
-0.0 -495.0 -354.86442 -422.32809 -0.0 -0.0 -0.0 -0.0 -0.0 -0.0 <END>
-0.0 -495.0 -369.22527 -346.22601 -0.0 -0.0 -0.0 -0.0 -0.0 -0.0 <END>
-0.0 -495.0 -354.91509 -437.08479 -0.0 -0.0 -0.0 -0.0 -0.0 -0.0 <END>
-0.0 -495.0 -366.76608 -371.95617 -0.0 -0.0 -0.0 -0.0 -0.0 -0.0 <END>
-0.0 -495.0 -359.65915 -356.80962 -0.0 -0.0 -0.0 -0.0 -0.0 -0.0 <END>
-0.0 -495.0 -356.58986 -385.34431 -0.0 -0.0 -0.0 -0.0 -0.0 -0.0 <END>
-0.0 -495.0 -354.39671 -371.29633 -0.0 -0.0 -0.0 -0.0 -0.0 -0.0 <END>
-0.0 -495.0 -360.65937 -369.15922 -0.0 -0.0 -0.0 -0.0 -0.0 -0.0 <END>
-0.0 -495.0 -371.78983 -321.86146 -0.0 -0.0 -0.0 -0.0 -0.0 -0.0 <END>
-0.0 -495.0 -360.94903 -338.34471 -0.0 -0.0 -0.0 -0.0 -0.0 -0.0 <END>
-0.0 -495.0 -360.83275 -367.6575 -0.0 -0.0 -0.0 -0.0 -0.0 -0.0 <END>
-0.0 -495.0 -360.52982 -359.3414 -0.0 -0.0 -0.0 -0.0 -0.0 -0.0 <END>
-0.0 -495.0 -368.14989 -403.19515 -0.0 -0.0 -0.0 -0.0 -0.0 -0.0 <END>
-0.0 -495.0 -360.68729 -449.33284 -0.0 -0.0 -0.0 -0.0 -0.0 -0.0 <END>
-0.0 -495.0 -350.28119 -387.81805 -0.0 -0.0 -0.0 -0.0 -0.0 -0.0 <END>
-0.0 -495.0 -375.16636 -343.22629 -0.0 -0.0 -0.0 -0.0 -0.0 -0.0 <END>
-0.0 -495.0 -363.57913 -395.31943 -0.0 -0.0 -0.0 -0.0 -0.0 -0.0 <END>
-0.0 -495.0 -364.11071 -355.32291 -0.0 -0.0 -0.0 -0.0 -0.0 -0.0 <END>
-0.0 -495.0 -358.20133 -414.96327 -0.0 -0.0 -0.0 -0.0 -0.0 -0.0 <END>
-0.0 -495.0 -347.75239 -389.45069 -0.0 -0.0 -0.0 -0.0 -0.0 -0.0 <END>
-0.0 -495.0 -373.90849 -342.39063 -0.0 -0.0 -0.0 -0.0 -0.0 -0.0 <END>
-0.0 -495.0 -349.00834 -430.77894 -0.0 -0.0 -0.0 -0.0 -0.0 -0.0 <END>
-0.0 -495.0 -361.27331 -338.57134 -0.0 -0.0 -0.0 -0.0 -0.0 -0.0 <END>
-0.0 -495.0 -355.45092 -374.55145 -0.0 -0.0 -0.0 -0.0 -0.0 -0.0 <END>
-0.0 -495.0 -357.51411 -336.32269 -0.0 -0.0 -0.0 -0.0 -0.0 -0.0 <END>
-0.0 -495.0 -384.26472 -300.56729 -0.0 -0.0 -0.0 -0.0 -0.0 -0.0 <END>
-0.0 -495.0 -377.23935 -309.85249 -0.0 -0.0 -0.0 -0.0 -0.0 -0.0 <END>
-0.0 -495.0 -362.06839 -341.01589 -0.0 -0.0 -0.0 -0.0 -0.0 -0.0 <END>
-0.0 -495.0 -363.94332 -364.23334 -0.0 -0.0 -0.0 -0.0 -0.0 -0.0 <END>
-0.0 -495.0 -333.66429 -382.80955 -0.0 -0.0 -0.0 -0.0 -0.0 -0.0 <END>
-0.0 -495.0 -373.14051 -317.76128 -0.0 -0.0 -0.0 -0.0 -0.0 -0.0 <END>
-0.0 -495.0 -362.78832 -333.5447 -0.0 -0.0 -0.0 -0.0 -0.0 -0.0 <END>
-0.0 -495.0 -371.8031 -316.07354 -0.0 -0.0 -0.0 -0.0 -0.0 -0.0 <END>
-0.0 -495.0 -360.74532 -349.56441 -0.0 -0.0 -0.0 -0.0 -0.0 -0.0 <END>
-0.0 -495.0 -348.57036 -340.54551 -0.0 -0.0 -0.0 -0.0 -0.0 -0.0 <END>
-0.0 -495.0 -363.55517 -338.64317 -0.0 -0.0 -0.0 -0.0 -0.0 -0.0 <END>
-0.0 -495.0 -358.76494 -423.57345 -0.0 -0.0 -0.0 -0.0 -0.0 -0.0 <END>
-0.0 -495.0 -348.15842 -373.41809 -0.0 -0.0 -0.0 -0.0 -0.0 -0.0 <END>
-0.0 -495.0 -365.02398 -321.47668 -0.0 -0.0 -0.0 -0.0 -0.0 -0.0 <END>
-0.0 -495.0 -366.55489 -308.59469 -0.0 -0.0 -0.0 -0.0 -0.0 -0.0 <END>
-0.0 -495.0 -357.24144 -375.93163 -0.0 -0.0 -0.0 -0.0 -0.0 -0.0 <END>
-0.0 -495.0 -363.62791 -334.81291 -0.0 -0.0 -0.0 -0.0 -0.0 -0.0 <END>
-0.0 -495.0 -371.99831 -290.89142 -0.0 -0.0 -0.0 -0.0 -0.0 -0.0 <END>
-0.0 -495.0 -377.72267 -296.98136 -0.0 -0.0 -0.0 -0.0 -0.0 -0.0 <END>
-0.0 -495.0 -361.26609 -324.02258 -0.0 -0.0 -0.0 -0.0 -0.0 -0.0 <END>
-0.0 -495.0 -382.13461 -284.78278 -0.0 -0.0 -0.0 -0.0 -0.0 -0.0 <END>
-0.0 -495.0 -363.74194 -313.39622 -0.0 -0.0 -0.0 -0.0 -0.0 -0.0 <END>
-0.0 -495.0 -365.45775 -327.28431 -0.0 -0.0 -0.0 -0.0 -0.0 -0.0 <END>
-0.0 -495.0 -369.37084 -296.39489 -0.0 -0.0 -0.0 -0.0 -0.0 -0.0 <END>
-0.0 -495.0 -365.18271 -321.71912 -0.0 -0.0 -0.0 -0.0 -0.0 -0.0 <END>
-0.0 -495.0 -366.34464 -289.76136 -0.0 -0.0 -0.0 -0.0 -0.0 -0.0 <END>
-0.0 -495.0 -367.33702 -287.99486 -0.0 -0.0 -0.0 -0.0 -0.0 -0.0 <END>
-0.0 -495.0 -352.04387 -430.08258 -0.0 -0.0 -0.0 -0.0 -0.0 -0.0 <END>
-0.0 -495.0 -376.70792 -273.47967 -0.0 -0.0 -0.0 -0.0 -0.0 -0.0 <END>
-0.0 -495.0 -362.98205 -299.7744 -0.0 -0.0 -0.0 -0.0 -0.0 -0.0 <END>
-0.0 -495.0 -368.15776 -309.22786 -0.0 -0.0 -0.0 -0.0 -0.0 -0.0 <END>
-0.0 -495.0 -357.08773 -314.24249 -0.0 -0.0 -0.0 -0.0 -0.0 -0.0 <END>
-0.0 -495.0 -359.76037 -296.4323 -0.0 -0.0 -0.0 -0.0 -0.0 -0.0 <END>
-0.0 -495.0 -369.35719 -328.57452 -0.0 -0.0 -0.0 -0.0 -0.0 -0.0 <END>
-0.0 -495.0 -365.20431 -340.62485 -0.0 -0.0 -0.0 -0.0 -0.0 -0.0 <END>
-0.0 -495.0 -358.24424 -281.62175 -0.0 -0.0 -0.0 -0.0 -0.0 -0.0 <END>
-0.0 -495.0 -362.07018 -322.18291 -0.0 -0.0 -0.0 -0.0 -0.0 -0.0 <END>
-0.0 -495.0 -360.88751 -303.67717 -0.0 -0.0 -0.0 -0.0 -0.0 -0.0 <END>
-0.0 -495.0 -355.00241 -350.90559 -0.0 -0.0 -0.0 -0.0 -0.0 -0.0 <END>
-0.0 -495.0 -363.61041 -275.35285 -0.0 -0.0 -0.0 -0.0 -0.0 -0.0 <END>
-0.0 -495.0 -360.12996 -325.02828 -0.0 -0.0 -0.0 -0.0 -0.0 -0.0 <END>
-0.0 -495.0 -364.87588 -279.40484 -0.0 -0.0 -0.0 -0.0 -0.0 -0.0 <END>
-0.0 -495.0 -356.66534 -313.15629 -0.0 -0.0 -0.0 -0.0 -0.0 -0.0 <END>
-0.0 -495.0 -345.91199 -315.99545 -0.0 -0.0 -0.0 -0.0 -0.0 -0.0 <END>
-0.0 -495.0 -347.9754 -340.78124 -0.0 -0.0 -0.0 -0.0 -0.0 -0.0 <END>
-0.0 -495.0 -346.06615 -372.34044 -0.0 -0.0 -0.0 -0.0 -0.0 -0.0 <END>
-0.0 -495.0 -359.65749 -272.55576 -0.0 -0.0 -0.0 -0.0 -0.0 -0.0 <END>
-0.0 -495.0 -379.35263 -259.01015 -0.0 -0.0 -0.0 -0.0 -0.0 -0.0 <END>
-0.0 -495.0 -346.29724 -414.04116 -0.0 -0.0 -0.0 -0.0 -0.0 -0.0 <END>
-0.0 -495.0 -348.74927 -324.06415 -0.0 -0.0 -0.0 -0.0 -0.0 -0.0 <END>
-0.0 -495.0 -349.17574 -310.2093 -0.0 -0.0 -0.0 -0.0 -0.0 -0.0 <END>
-0.0 -495.0 -359.0756 -287.13897 -0.0 -0.0 -0.0 -0.0 -0.0 -0.0 <END>
-0.0 -495.0 -350.90837 -323.13839 -0.0 -0.0 -0.0 -0.0 -0.0 -0.0 <END>
-0.0 -495.0 -366.71993 -248.80832 -0.0 -0.0 -0.0 -0.0 -0.0 -0.0 <END>
-0.0 -495.0 -362.18271 -294.26295 -0.0 -0.0 -0.0 -0.0 -0.0 -0.0 <END>
-0.0 -495.0 -349.82089 -328.02385 -0.0 -0.0 -0.0 -0.0 -0.0 -0.0 <END>
-0.0 -495.0 -345.85375 -316.48568 -0.0 -0.0 -0.0 -0.0 -0.0 -0.0 <END>
-0.0 -495.0 -352.17571 -366.67925 -0.0 -0.0 -0.0 -0.0 -0.0 -0.0 <END>
-0.0 -495.0 -352.26387 -308.72027 -0.0 -0.0 -0.0 -0.0 -0.0 -0.0 <END>
-0.0 -495.0 -354.1219 -363.38029 -0.0 -0.0 -0.0 -0.0 -0.0 -0.0 <END>
-0.0 -495.0 -336.99383 -343.73557 -0.0 -0.0 -0.0 -0.0 -0.0 -0.0 <END>
-0.0 -495.0 -361.02127 -282.94116 -0.0 -0.0 -0.0 -0.0 -0.0 -0.0 <END>
-0.0 -495.0 -359.24991 -274.69762 -0.0 -0.0 -0.0 -0.0 -0.0 -0.0 <END>
-0.0 -495.0 -373.07568 -256.54446 -0.0 -0.0 -0.0 -0.0 -0.0 -0.0 <END>
-0.0 -495.0 -350.22532 -383.22416 -0.0 -0.0 -0.0 -0.0 -0.0 -0.0 <END>
-0.0 -495.0 -356.19552 -285.72948 -0.0 -0.0 -0.0 -0.0 -0.0 -0.0 <END>
-0.0 -495.0 -361.48759 -262.72916 -0.0 -0.0 -0.0 -0.0 -0.0 -0.0 <END>
-0.0 -495.0 -362.48988 -259.1648 -0.0 -0.0 -0.0 -0.0 -0.0 -0.0 <END>
-0.0 -495.0 -358.03815 -272.70634 -0.0 -0.0 -0.0 -0.0 -0.0 -0.0 <END>
-0.0 -495.0 -350.78438 -303.18781 -0.0 -0.0 -0.0 -0.0 -0.0 -0.0 <END>
-0.0 -495.0 -341.48414 -311.38129 -0.0 -0.0 -0.0 -0.0 -0.0 -0.0 <END>
-0.0 -495.0 -359.04975 -263.36432 -0.0 -0.0 -0.0 -0.0 -0.0 -0.0 <END>
-0.0 -495.0 -357.98417 -253.71944 -0.0 -0.0 -0.0 -0.0 -0.0 -0.0 <END>
-0.0 -495.0 -350.56092 -268.32688 -0.0 -0.0 -0.0 -0.0 -0.0 -0.0 <END>
-0.0 -495.0 -361.57548 -259.80922 -0.0 -0.0 -0.0 -0.0 -0.0 -0.0 <END>
-0.0 -495.0 -348.96265 -275.26279 -0.0 -0.0 -0.0 -0.0 -0.0 -0.0 <END>
-0.0 -495.0 -358.61241 -258.6259 -0.0 -0.0 -0.0 -0.0 -0.0 -0.0 <END>
-0.0 -495.0 -359.35999 -238.70155 -0.0 -0.0 -0.0 -0.0 -0.0 -0.0 <END>
-0.0 -495.0 -354.65817 -245.44138 -0.0 -0.0 -0.0 -0.0 -0.0 -0.0 <END>
-0.0 -495.0 -347.19646 -276.67219 -0.0 -0.0 -0.0 -0.0 -0.0 -0.0 <END>
-0.0 -495.0 -349.18923 -264.45874 -0.0 -0.0 -0.0 -0.0 -0.0 -0.0 <END>
