0.0 2.02 2.05 1.63 1.0 0.61 0.37 0.13 0.07 0.01 <END>
0.01 1.84 2.05 1.65 1.01 0.63 0.34 0.11 0.02 0.01 <END>
0.0 1.77 2.05 1.72 1.04 0.64 0.29 0.15 0.03 0.01 <END>
0.0 1.87 2.05 1.65 1.01 0.66 0.28 0.11 0.02 0.01 <END>
0.0 1.77 2.04 1.72 1.05 0.65 0.31 0.12 0.04 0.01 <END>
0.01 1.9 2.06 1.67 1.02 0.63 0.37 0.1 0.03 0.01 <END>
0.01 1.73 2.06 1.74 1.07 0.66 0.27 0.04 0.02 0.01 <END>
0.0 1.88 2.05 1.73 1.06 0.67 0.28 0.11 0.03 0.01 <END>
0.01 1.77 2.05 1.75 1.07 0.66 0.26 0.1 0.02 0.02 <END>
0.0 2.04 2.03 1.71 1.03 0.64 0.31 0.12 0.04 0.02 <END>
0.02 1.64 2.04 1.81 1.11 0.67 0.24 0.13 0.04 0.02 <END>
0.02 1.75 2.05 1.74 1.05 0.67 0.29 0.11 0.04 0.0 <END>
0.01 1.88 2.05 1.7 1.04 0.65 0.22 0.1 0.01 0.0 <END>
0.0 1.84 2.05 1.72 1.04 0.65 0.26 0.07 0.02 0.0 <END>
0.0 1.74 2.03 1.79 1.08 0.67 0.25 0.15 0.05 0.01 <END>
0.0 1.89 2.06 1.71 1.05 0.66 0.24 0.09 0.02 0.01 <END>
0.0 1.84 2.06 1.77 1.06 0.67 0.2 0.09 0.03 0.02 <END>
0.01 1.82 2.05 1.73 1.08 0.68 0.22 0.08 0.01 0.01 <END>
0.0 1.77 2.05 1.75 1.06 0.66 0.28 0.09 0.02 0.0 <END>
0.0 1.8 2.05 1.78 1.09 0.68 0.21 0.05 0.02 0.01 <END>
0.0 1.83 2.04 1.76 1.08 0.68 0.26 0.11 0.03 0.01 <END>
0.01 1.71 2.04 1.81 1.11 0.68 0.25 0.32 0.01 0.01 <END>
0.01 1.83 2.05 1.77 1.08 0.67 0.25 0.11 0.02 0.0 <END>
0.0 1.73 2.05 1.81 1.1 0.69 0.23 0.1 0.04 0.02 <END>
0.01 1.82 2.05 1.77 1.08 0.68 0.24 0.28 0.08 0.01 <END>
0.01 1.82 2.04 1.78 1.09 0.69 0.21 0.12 0.05 0.01 <END>
0.01 1.83 2.04 1.81 1.09 0.69 0.24 0.27 0.06 0.01 <END>
0.01 1.8 2.05 1.8 1.1 0.69 0.23 0.26 0.06 0.04 <END>
0.01 1.69 2.04 1.85 1.13 0.72 0.36 0.34 0.05 0.01 <END>
0.01 1.82 2.04 1.8 1.1 0.68 0.24 0.26 0.04 0.02 <END>
0.0 1.67 2.04 1.87 1.14 0.73 0.46 0.34 0.02 0.01 <END>
0.0 1.72 2.05 1.87 1.13 0.71 0.35 0.35 0.01 0.02 <END>
0.01 1.76 2.05 1.85 1.13 0.72 0.24 0.34 0.04 0.02 <END>
0.0 1.82 2.05 1.86 1.14 0.71 0.35 0.34 0.02 0.02 <END>
0.01 1.87 2.04 1.82 1.12 0.71 0.24 0.34 0.01 0.01 <END>
0.0 1.95 2.04 1.8 1.11 0.7 0.25 0.28 0.03 0.02 <END>
0.01 1.87 2.06 1.83 1.12 0.7 0.35 0.34 0.04 0.03 <END>
0.01 1.85 2.05 1.85 1.14 0.71 0.48 0.34 0.04 0.01 <END>
0.0 1.88 2.03 1.87 1.14 0.71 0.48 0.34 0.07 0.0 <END>
0.01 1.83 2.05 1.86 1.14 0.72 0.36 0.33 0.01 0.02 <END>
0.01 1.74 2.05 1.91 1.16 0.72 0.49 0.34 0.07 0.01 <END>
0.01 1.79 2.05 1.9 1.16 0.73 0.48 0.35 0.08 0.03 <END>
0.0 1.8 2.05 1.88 1.16 0.72 0.48 0.34 0.04 0.05 <END>
0.03 1.73 2.05 1.92 1.16 0.74 0.49 0.26 0.05 0.05 <END>
0.03 1.81 2.05 1.89 1.17 0.72 0.47 0.35 0.05 0.01 <END>
0.01 1.83 2.04 1.89 1.16 0.7 0.48 0.35 0.02 0.03 <END>
0.02 1.8 2.03 1.91 1.17 0.73 0.5 0.33 0.05 0.02 <END>
0.0 1.79 2.04 1.93 1.19 0.74 0.47 0.35 0.06 0.01 <END>
0.0 1.87 2.06 1.9 1.16 0.72 0.47 0.33 0.09 0.01 <END>
0.01 1.7 2.03 1.99 1.2 0.75 0.49 0.29 0.04 0.03 <END>
0.02 1.73 2.03 1.95 1.2 0.75 0.48 0.33 0.04 0.02 <END>
0.01 1.74 2.03 2.03 1.19 0.75 0.5 0.3 0.08 0.02 <END>
0.0 1.84 2.05 1.94 1.17 0.74 0.48 0.34 0.08 0.03 <END>
0.02 1.83 2.04 1.95 1.19 0.75 0.49 0.31 0.03 0.01 <END>
0.01 1.94 2.04 1.94 1.19 0.74 0.5 0.29 0.05 0.02 <END>
0.02 1.91 2.04 1.96 1.19 0.73 0.49 0.35 0.08 0.01 <END>
0.01 1.74 2.04 2.01 1.22 0.76 0.51 0.26 0.03 0.03 <END>
0.02 1.73 2.03 2.01 1.22 0.75 0.5 0.28 0.02 0.05 <END>
0.03 1.77 2.04 2.01 1.22 0.77 0.5 0.22 0.03 0.01 <END>
0.0 1.87 2.05 1.97 1.2 0.75 0.5 0.27 0.01 0.0 <END>
0.0 1.71 2.03 2.04 1.24 0.77 0.51 0.18 0.08 0.01 <END>
0.02 1.86 2.04 1.96 1.2 0.74 0.5 0.24 0.03 0.0 <END>
0.0 1.81 2.05 2.03 1.22 0.75 0.48 0.36 0.04 0.02 <END>
0.01 1.84 2.05 2.01 1.23 0.77 0.52 0.2 0.02 0.02 <END>
0.01 1.83 2.03 2.01 1.22 0.77 0.5 0.31 0.02 0.01 <END>
0.0 1.88 2.02 2.01 1.22 0.76 0.5 0.35 0.05 0.01 <END>
0.02 1.9 2.04 2.01 1.23 0.77 0.51 0.2 0.05 0.01 <END>
0.01 1.79 2.04 2.03 1.24 0.77 0.52 0.2 0.1 0.04 <END>
0.02 1.92 2.05 2.03 1.23 0.77 0.51 0.17 0.08 0.02 <END>
0.0 1.83 2.04 2.05 1.23 0.79 0.52 0.13 0.01 0.01 <END>
0.0 1.78 2.05 2.03 1.25 0.78 0.53 0.16 0.03 0.02 <END>
0.0 1.88 2.04 2.03 1.23 0.78 0.52 0.17 0.02 0.0 <END>
0.0 1.79 2.05 2.04 1.26 0.8 0.52 0.18 0.02 0.04 <END>
0.02 2.06 2.03 1.99 1.21 0.76 0.5 0.25 0.05 0.01 <END>
0.01 1.72 2.03 2.05 1.28 0.8 0.48 0.16 0.01 0.01 <END>
0.0 1.91 2.04 2.02 1.27 0.8 0.47 0.14 0.01 0.01 <END>
0.0 1.8 2.05 2.04 1.28 0.8 0.52 0.2 0.02 0.05 <END>
0.02 1.91 2.05 2.05 1.26 0.79 0.52 0.14 0.03 0.01 <END>
0.01 1.79 2.05 2.04 1.27 0.8 0.45 0.1 0.05 0.05 <END>
0.03 1.72 2.04 2.04 1.29 0.82 0.39 0.14 0.06 0.01 <END>
0.01 1.88 2.04 2.03 1.24 0.77 0.51 0.21 0.06 0.02 <END>
0.02 1.88 2.04 2.05 1.27 0.8 0.49 0.14 0.02 0.01 <END>
0.01 1.86 2.04 2.04 1.27 0.8 0.5 0.18 0.03 0.0 <END>
0.0 1.85 2.04 2.04 1.29 0.82 0.46 0.12 0.11 0.03 <END>
0.03 1.87 2.04 2.05 1.26 0.79 0.5 0.18 0.05 0.01 <END>
0.01 1.81 2.05 2.03 1.31 0.81 0.41 0.17 0.05 0.0 <END>
0.0 1.9 2.04 2.03 1.28 0.8 0.49 0.15 0.01 0.0 <END>
0.0 1.75 2.06 2.06 1.31 0.83 0.39 0.15 0.04 0.02 <END>
0.01 1.71 2.03 2.03 1.34 0.85 0.4 0.13 0.02 0.06 <END>
0.02 1.66 2.04 2.04 1.35 0.85 0.35 0.39 0.04 0.0 <END>
0.01 1.88 2.04 2.03 1.33 0.83 0.36 0.14 0.07 0.04 <END>
0.0 1.78 2.06 2.05 1.3 0.83 0.39 0.14 0.05 0.02 <END>
0.01 1.83 2.04 2.04 1.31 0.83 0.37 0.29 0.04 0.01 <END>
0.01 1.89 2.04 2.03 1.3 0.8 0.51 0.15 0.07 0.07 <END>
0.01 1.71 2.04 2.02 1.37 0.85 0.35 0.27 0.03 0.05 <END>
0.0 1.86 2.04 2.03 1.33 0.84 0.39 0.14 0.08 0.05 <END>
0.02 1.83 2.03 2.05 1.34 0.84 0.38 0.14 0.06 0.03 <END>
0.0 1.77 2.05 2.04 1.35 0.85 0.34 0.38 0.03 0.01 <END>
0.0 1.87 2.05 2.04 1.35 0.85 0.36 0.38 0.06 0.01 <END>
0.02 1.89 2.04 2.03 1.33 0.84 0.34 0.39 0.03 0.04 <END>
0.01 1.93 2.04 2.03 1.33 0.83 0.37 0.14 0.07 0.02 <END>
0.01 1.79 2.05 2.04 1.36 0.87 0.34 0.38 0.07 0.01 <END>
0.01 1.8 2.04 2.02 1.35 0.85 0.35 0.26 0.02 0.01 <END>
0.0 1.87 2.03 2.03 1.35 0.85 0.32 0.39 0.08 0.02 <END>
0.02 1.79 2.03 2.03 1.35 0.85 0.33 0.39 0.05 0.01 <END>
0.0 1.87 2.05 2.04 1.37 0.85 0.33 0.39 0.02 0.04 <END>
0.0 2.09 2.04 2.04 1.33 0.85 0.34 0.38 0.05 0.01 <END>
0.0 1.74 2.04 2.05 1.4 0.88 0.33 0.39 0.08 0.03 <END>
0.02 1.88 2.05 2.03 1.36 0.86 0.36 0.39 0.02 0.04 <END>
0.02 1.81 2.04 2.03 1.39 0.88 0.33 0.41 0.11 0.05 <END>
0.02 1.69 2.04 2.03 1.41 0.9 0.33 0.39 0.12 0.06 <END>
0.03 1.89 2.04 2.03 1.37 0.87 0.45 0.4 0.05 0.01 <END>
0.01 1.84 2.04 2.04 1.39 0.87 0.35 0.4 0.09 0.04 <END>
0.01 1.83 2.04 2.02 1.4 0.89 0.35 0.41 0.09 0.05 <END>
0.03 1.82 2.05 2.03 1.4 0.88 0.33 0.4 0.04 0.02 <END>
0.01 1.79 2.04 2.04 1.41 0.89 0.33 0.39 0.1 0.04 <END>
0.03 1.85 2.04 2.03 1.39 0.88 0.33 0.4 0.05 0.01 <END>
0.01 1.94 2.05 2.02 1.4 0.88 0.33 0.39 0.06 0.01 <END>
0.0 1.91 2.04 2.04 1.42 0.89 0.35 0.42 0.07 0.03 <END>
0.03 1.8 2.02 2.04 1.42 0.9 0.57 0.41 0.06 0.01 <END>
0.0 1.71 2.05 2.03 1.41 0.89 0.34 0.39 0.08 0.01 <END>
0.0 1.77 2.04 2.05 1.45 0.92 0.58 0.41 0.08 0.02 <END>
0.01 1.84 2.04 2.04 1.43 0.91 0.58 0.42 0.05 0.01 <END>
0.01 1.86 2.05 2.03 1.43 0.9 0.45 0.4 0.05 0.02 <END>
0.01 1.84 2.04 2.04 1.43 0.91 0.57 0.41 0.06 0.02 <END>
0.01 1.92 2.05 2.03 1.42 0.88 0.33 0.38 0.05 0.03 <END>
0.0 1.86 2.02 2.04 1.42 0.9 0.58 0.42 0.04 0.03 <END>
0.0 1.96 2.04 2.03 1.42 0.9 0.46 0.42 0.05 0.01 <END>
0.01 1.79 2.03 2.04 1.47 0.93 0.59 0.42 0.07 0.0 <END>
0.0 1.74 2.02 2.03 1.47 0.93 0.58 0.42 0.1 0.02 <END>
0.01 1.86 2.04 2.03 1.46 0.92 0.59 0.42 0.17 0.03 <END>
0.03 1.74 2.04 2.05 1.48 0.95 0.59 0.41 0.09 0.01 <END>
0.01 1.8 2.03 2.03 1.46 0.93 0.6 0.39 0.07 0.03 <END>
0.01 1.88 2.04 2.03 1.46 0.9 0.58 0.41 0.05 0.01 <END>
0.0 1.79 2.05 2.04 1.51 0.96 0.62 0.37 0.09 0.02 <END>
0.0 1.74 2.05 2.04 1.51 0.95 0.61 0.43 0.06 0.01 <END>
0.0 1.82 2.05 2.04 1.49 0.95 0.61 0.43 0.08 0.03 <END>
0.02 1.94 2.05 2.03 1.46 0.94 0.59 0.43 0.07 0.02 <END>
0.0 1.93 2.05 2.03 1.48 0.93 0.6 0.41 0.06 0.04 <END>
0.02 1.97 2.03 2.02 1.47 0.93 0.6 0.43 0.05 0.0 <END>
0.01 1.86 2.04 2.03 1.51 0.95 0.62 0.42 0.11 0.05 <END>
0.03 1.87 2.05 2.04 1.5 0.96 0.61 0.4 0.14 0.03 <END>
0.02 1.76 2.03 2.04 1.54 0.97 0.62 0.41 0.04 0.05 <END>
0.02 1.78 2.05 2.04 1.53 0.97 0.62 0.35 0.09 0.03 <END>
0.02 1.66 2.04 2.05 1.55 0.98 0.61 0.36 0.1 0.01 <END>
0.0 1.88 2.05 2.03 1.51 0.96 0.62 0.3 0.07 0.01 <END>
0.01 1.88 2.03 2.02 1.52 0.97 0.62 0.28 0.08 0.01 <END>
0.01 1.84 2.03 2.04 1.53 0.97 0.63 0.36 0.11 0.03 <END>
0.03 1.75 2.05 2.03 1.54 0.99 0.63 0.29 0.08 0.01 <END>
0.01 2.0 2.04 2.03 1.5 0.95 0.6 0.4 0.07 0.01 <END>
0.01 1.86 2.06 2.04 1.54 0.98 0.63 0.31 0.15 0.02 <END>
0.02 1.72 2.04 2.04 1.57 1.0 0.63 0.25 0.04 0.01 <END>
0.01 1.83 2.04 2.03 1.56 0.99 0.64 0.28 0.19 0.05 <END>
0.01 1.86 2.04 2.03 1.55 0.99 0.63 0.27 0.14 0.05 <END>
0.03 1.76 2.05 2.04 1.56 1.0 0.64 0.26 0.11 0.02 <END>
0.01 1.87 2.04 2.04 1.54 0.98 0.64 0.27 0.11 0.03 <END>
0.02 1.95 2.05 2.04 1.54 0.97 0.63 0.24 0.1 0.03 <END>
0.01 1.8 2.04 2.03 1.58 1.0 0.64 0.24 0.06 0.01 <END>
0.0 1.91 2.05 2.04 1.55 0.99 0.62 0.37 0.09 0.02 <END>
0.01 1.86 2.03 2.04 1.58 1.0 0.64 0.3 0.19 0.06 <END>
0.01 1.88 2.04 2.03 1.57 1.0 0.64 0.28 0.17 0.04 <END>
0.01 1.8 2.04 2.03 1.58 1.0 0.63 0.32 0.15 0.02 <END>
0.01 1.86 2.06 2.04 1.58 1.01 0.64 0.21 0.11 0.02 <END>
0.01 1.71 2.02 2.03 1.64 1.04 0.67 0.23 0.13 0.01 <END>
0.03 1.88 2.05 2.04 1.58 1.01 0.65 0.26 0.2 0.06 <END>
0.04 1.65 2.04 2.04 1.66 1.06 0.67 0.23 0.11 0.01 <END>
0.0 1.76 2.03 2.04 1.62 1.04 0.65 0.24 0.12 0.03 <END>
0.02 1.82 2.03 2.03 1.61 1.03 0.65 0.21 0.04 0.0 <END>
0.01 1.94 2.04 2.04 1.6 1.02 0.65 0.21 0.11 0.02 <END>
0.0 1.85 2.04 2.02 1.63 1.04 0.66 0.23 0.1 0.01 <END>
0.0 1.87 2.03 2.03 1.64 1.03 0.67 0.23 0.1 0.03 <END>
0.02 1.93 2.04 2.04 1.63 1.02 0.66 0.24 0.06 0.03 <END>
0.03 1.95 2.04 2.03 1.61 1.02 0.67 0.22 0.06 0.0 <END>
0.0 1.83 2.04 2.05 1.64 1.04 0.67 0.22 0.1 0.02 <END>
0.02 1.82 2.05 2.04 1.66 1.06 0.69 0.24 0.35 0.06 <END>
0.02 1.93 2.03 2.03 1.63 1.04 0.66 0.23 0.06 0.01 <END>
0.01 1.77 2.04 2.05 1.68 1.07 0.69 0.34 0.34 0.03 <END>
0.01 1.72 2.04 2.04 1.7 1.08 0.7 0.35 0.35 0.02 <END>
0.02 1.77 2.04 2.04 1.66 1.05 0.68 0.22 0.27 0.03 <END>
0.01 1.88 2.04 2.05 1.66 1.06 0.67 0.35 0.29 0.02 <END>
0.01 1.83 2.04 2.03 1.66 1.05 0.68 0.22 0.11 0.02 <END>
0.01 1.94 2.04 2.03 1.66 1.06 0.68 0.34 0.34 0.03 <END>
0.01 1.7 2.05 2.03 1.72 1.09 0.69 0.47 0.33 0.01 <END>
0.01 1.87 2.04 2.04 1.68 1.07 0.69 0.35 0.34 0.06 <END>
0.02 1.91 2.04 2.04 1.66 1.06 0.68 0.34 0.34 0.02 <END>
0.01 1.86 2.04 2.03 1.65 1.04 0.67 0.23 0.09 0.05 <END>
0.01 1.61 2.03 2.04 1.76 1.11 0.7 0.46 0.34 0.01 <END>
0.01 1.79 2.03 2.04 1.7 1.08 0.69 0.23 0.33 0.04 <END>
0.02 1.77 2.04 2.04 1.71 1.1 0.71 0.49 0.36 0.03 <END>
0.01 1.77 2.06 2.04 1.74 1.11 0.72 0.47 0.35 0.04 <END>
0.02 1.84 2.04 2.04 1.71 1.07 0.68 0.47 0.36 0.0 <END>
0.02 1.7 2.04 2.03 1.75 1.1 0.7 0.36 0.35 0.04 <END>
0.02 1.79 2.06 2.04 1.76 1.12 0.72 0.49 0.35 0.03 <END>
0.01 1.88 2.04 2.03 1.74 1.12 0.71 0.49 0.33 0.04 <END>
0.01 1.8 2.04 2.04 1.73 1.11 0.71 0.47 0.35 0.07 <END>
0.02 1.76 2.03 2.03 1.73 1.1 0.72 0.48 0.34 0.04 <END>
0.03 1.75 2.05 2.05 1.78 1.12 0.72 0.5 0.33 0.02 <END>
0.01 1.97 2.03 2.03 1.72 1.1 0.7 0.48 0.35 0.04 <END>
0.02 1.73 2.05 2.05 1.78 1.16 0.73 0.5 0.24 0.01 <END>
0.01 1.84 2.05 2.03 1.76 1.13 0.72 0.48 0.36 0.06 <END>
0.01 1.88 2.05 2.03 1.75 1.14 0.72 0.48 0.36 0.06 <END>
0.03 1.8 2.04 2.02 1.76 1.14 0.73 0.48 0.36 0.05 <END>
0.02 1.67 2.04 2.04 1.81 1.16 0.75 0.5 0.25 0.03 <END>
0.0 1.89 2.04 2.04 1.77 1.13 0.72 0.48 0.27 0.04 <END>
0.01 1.92 2.02 2.04 1.76 1.12 0.73 0.49 0.29 0.03 <END>
0.01 1.93 2.05 2.04 1.76 1.14 0.72 0.49 0.35 0.04 <END>
0.0 1.87 2.04 2.03 1.77 1.13 0.73 0.49 0.31 0.01 <END>
0.03 1.79 2.04 2.05 1.8 1.16 0.73 0.5 0.32 0.03 <END>
0.01 1.89 2.04 2.04 1.8 1.15 0.76 0.51 0.26 0.02 <END>
0.03 1.83 2.03 2.05 1.82 1.16 0.74 0.49 0.29 0.02 <END>
0.03 1.85 2.04 2.04 1.81 1.16 0.73 0.49 0.34 0.03 <END>
0.01 1.79 2.03 2.05 1.81 1.15 0.75 0.51 0.24 0.06 <END>
0.01 1.75 2.03 2.04 1.84 1.19 0.76 0.52 0.21 0.06 <END>
0.02 1.78 2.02 2.04 1.85 1.19 0.76 0.5 0.21 0.02 <END>
0.01 1.87 2.04 2.05 1.82 1.16 0.74 0.51 0.25 0.02 <END>
0.02 1.95 2.05 2.04 1.82 1.16 0.74 0.52 0.2 0.04 <END>
0.02 1.87 2.03 2.04 1.83 1.18 0.76 0.51 0.21 0.04 <END>
0.03 1.93 2.04 2.04 1.82 1.15 0.74 0.5 0.31 0.06 <END>
0.05 1.85 2.06 2.03 1.84 1.19 0.75 0.52 0.22 0.04 <END>
0.01 1.94 2.04 2.04 1.84 1.19 0.76 0.52 0.22 0.03 <END>
0.04 1.84 2.05 2.03 1.81 1.14 0.74 0.5 0.27 0.02 <END>
0.0 1.81 2.05 2.04 1.87 1.21 0.77 0.52 0.18 0.08 <END>
0.03 1.73 2.02 2.04 1.88 1.19 0.75 0.51 0.21 0.03 <END>
0.01 1.8 2.03 2.01 1.89 1.21 0.79 0.49 0.14 0.03 <END>
0.02 1.95 2.03 2.03 1.87 1.19 0.77 0.49 0.16 0.04 <END>
0.0 1.78 2.05 2.04 1.93 1.23 0.79 0.49 0.14 0.02 <END>
0.01 1.9 2.04 2.04 1.88 1.2 0.76 0.49 0.14 0.05 <END>
0.01 1.85 2.05 2.03 1.9 1.21 0.77 0.52 0.16 0.09 <END>
0.05 1.83 2.03 2.04 1.9 1.22 0.78 0.47 0.12 0.06 <END>
0.04 1.81 2.03 2.03 1.94 1.22 0.78 0.45 0.15 0.01 <END>
0.01 1.75 2.04 2.05 1.95 1.24 0.8 0.38 0.27 0.04 <END>
0.01 1.78 2.02 2.04 1.93 1.23 0.79 0.37 0.12 0.04 <END>
0.01 1.84 2.04 2.03 1.95 1.23 0.79 0.37 0.14 0.02 <END>
0.01 2.08 2.05 2.03 1.86 1.2 0.76 0.49 0.16 0.05 <END>
0.03 1.85 2.05 2.04 1.94 1.25 0.8 0.41 0.16 0.05 <END>
0.01 1.85 2.05 2.04 1.94 1.25 0.8 0.38 0.16 0.06 <END>
0.02 1.87 2.04 2.03 1.95 1.22 0.79 0.46 0.13 0.04 <END>
0.01 1.87 2.04 2.04 1.95 1.23 0.8 0.45 0.15 0.03 <END>
0.02 1.97 2.05 2.04 1.91 1.21 0.79 0.47 0.14 0.03 <END>
0.03 1.73 2.03 2.03 1.97 1.28 0.82 0.33 0.38 0.03 <END>
0.01 1.94 2.03 2.03 1.96 1.26 0.81 0.42 0.15 0.08 <END>
0.02 1.95 2.05 2.03 1.95 1.25 0.81 0.37 0.14 0.03 <END>
0.01 1.86 2.04 2.03 1.97 1.27 0.82 0.35 0.28 0.06 <END>
0.01 1.89 2.04 2.05 1.94 1.27 0.81 0.34 0.38 0.03 <END>
0.01 1.95 2.05 2.03 1.96 1.24 0.8 0.42 0.15 0.04 <END>
0.02 1.78 2.05 2.04 1.95 1.29 0.83 0.36 0.27 0.05 <END>
0.03 1.8 2.02 2.05 1.98 1.28 0.82 0.37 0.28 0.03 <END>
0.03 1.81 2.05 2.05 1.97 1.3 0.84 0.31 0.37 0.02 <END>
0.01 2.02 2.05 2.04 1.95 1.26 0.81 0.39 0.27 0.04 <END>
0.02 1.96 2.05 2.04 1.96 1.27 0.82 0.37 0.38 0.04 <END>
