-0.0 468.59224 428.4548 402.99318 333.48547 297.04718 288.3742 294.44443 314.87629 -0.0 -0.0 <END>
-0.0 495.0 432.00153 406.72501 339.59896 299.82169 289.34517 295.63483 311.27814 -0.0 <END>
-0.0 495.0 436.02639 407.02238 341.39497 298.34597 287.49774 295.50219 311.61571 -0.0 <END>
-0.0 471.8808 434.46433 407.44489 336.90179 297.26783 288.07265 297.53026 314.92559 -0.0 <END>
-0.0 495.0 436.45447 407.93449 339.27365 300.41465 290.80911 295.44016 312.69143 -0.0 -0.0 <END>
-0.0 478.3365 440.32856 409.89805 340.07919 298.75135 289.11811 295.84091 310.4049 -0.0 <END>
-0.0 473.14986 434.67746 407.94671 337.32702 297.98079 289.46338 296.85138 316.43793 -0.0 <END>
-0.0 495.0 432.68272 407.57982 337.35932 297.93425 289.17144 297.31951 315.839 -0.0 <END>
-0.0 475.89462 434.82285 408.6887 339.0602 298.99608 289.91568 297.48085 319.13404 -0.0 <END>
-0.0 495.0 438.33611 409.34317 336.35491 298.8092 290.94534 296.37768 313.50823 -0.0 <END>
-0.0 475.01772 434.99702 409.34698 337.45166 299.20658 290.93256 300.72969 322.67108 -0.0 <END>
-0.0 495.0 431.42834 408.31156 335.25259 297.97851 291.25114 300.42651 321.55852 -0.0 <END>
-0.0 473.63575 436.40424 410.48782 339.13827 300.18307 291.69153 299.7922 320.58341 -0.0 <END>
-0.0 495.0 436.35308 410.61755 339.02677 300.50025 292.10933 300.65536 322.45608 -0.0 <END>
-0.0 468.8429 431.66262 408.97195 337.15784 299.85219 292.23202 300.35655 325.5524 -0.0 <END>
-0.0 476.9322 433.72734 410.26699 340.17812 301.12897 292.39742 299.70581 319.16166 -0.0 <END>
-0.0 475.81379 437.58014 412.02605 339.75407 301.34962 292.90556 301.52381 323.21613 -0.0 <END>
-0.0 495.0 434.62148 410.81063 337.93431 300.7816 293.21948 303.70319 322.0337 -0.0 <END>
-0.0 495.0 430.20915 409.51057 337.91391 300.81433 293.59572 299.84157 321.61846 -0.0 <END>
-0.0 470.20509 429.76999 409.12157 336.6867 300.56423 293.86777 304.39765 322.84813 -0.0 <END>
-0.0 495.0 435.7881 412.58281 338.45188 301.18975 295.04931 303.91077 325.89176 -0.0 <END>
-0.0 473.01971 432.8125 410.54137 337.11791 301.24037 294.75471 304.16395 326.23753 -0.0 <END>
-0.0 495.0 427.43294 408.74092 336.69634 301.01417 294.75651 304.34172 322.56571 -0.0 <END>
-0.0 495.0 431.23981 410.77228 338.24999 301.91674 295.50804 305.97017 324.69893 -0.0 <END>
-0.0 495.0 432.224 411.13709 335.90802 301.54306 295.84291 307.26113 324.78873 -0.0 <END>
-0.0 467.12889 432.75346 411.46436 336.9661 302.15204 295.83107 307.05751 323.45516 -0.0 <END>
-0.0 465.04665 426.66917 409.50532 336.0394 301.88046 295.94995 305.51681 326.54679 -0.0 <END>
-0.0 495.0 430.3518 411.37614 338.93517 303.00882 296.79453 304.70418 329.83313 -0.0 <END>
-0.0 478.254 434.52238 413.5598 342.1049 304.17843 296.60983 306.18666 324.90823 -0.0 <END>
-0.0 475.84608 432.40166 412.26626 339.42912 303.47453 296.95232 307.81542 326.7981 -0.0 <END>
-0.0 495.0 433.31158 413.68362 340.69687 304.14633 297.7233 308.71166 329.71118 -0.0 <END>
-0.0 479.19143 435.64471 414.48102 341.58022 304.88014 297.77749 307.59483 329.37547 -0.0 <END>
-0.0 495.0 431.03869 412.36718 337.82578 303.4726 297.75932 307.0594 330.41854 -0.0 <END>
-0.0 474.60079 435.63487 414.17379 337.72921 303.38718 298.09256 307.16495 326.26899 -0.0 <END>
-0.0 476.64904 437.03642 415.08602 339.97189 304.41191 299.27795 309.16418 331.19617 -0.0 <END>
-0.0 472.32443 430.89643 413.00385 338.29851 304.22461 299.4455 310.14188 270.66051 -0.0 <END>
-0.0 467.22682 430.18191 411.40817 335.73985 303.06057 298.87725 309.50406 271.18392 -0.0 <END>
-0.0 471.31496 433.24738 413.50163 337.69269 304.29844 299.38348 309.82673 270.96323 -0.0 <END>
-0.0 477.45597 438.15042 415.39911 338.06667 304.79752 299.95026 311.12221 328.16664 -0.0 <END>
-0.0 475.5753 433.79558 412.97671 336.1387 303.40208 300.48038 310.43267 91.00692 -0.0 <END>
-0.0 495.0 433.37157 413.22703 337.55643 304.7683 299.83998 309.88982 273.58493 -0.0 <END>
-0.0 495.0 440.433 416.35261 339.95664 305.54642 300.47775 309.3083 333.33039 -0.0 <END>
-0.0 477.39254 434.70193 414.33475 339.09214 305.04855 300.5584 310.32487 333.07835 -0.0 <END>
-0.0 470.55698 434.5821 412.933 336.44645 304.19439 300.23634 309.51164 213.26988 -0.0 <END>
-0.0 495.0 434.90563 413.54203 337.181 304.45158 300.2576 308.34322 268.11541 -0.0 <END>
-0.0 478.59274 439.00857 415.57568 339.10591 306.15643 302.0686 311.24076 157.13002 -0.0 <END>
-0.0 472.62496 435.39192 413.60295 337.25602 305.25454 301.34762 307.44811 272.89849 -0.0 <END>
-0.0 495.0 436.63548 412.53317 335.95466 304.75641 301.83699 313.15764 91.36153 -0.0 <END>
-0.0 495.0 436.60373 413.06082 336.58889 305.28068 302.60332 311.24992 153.87104 -0.0 <END>
-0.0 495.0 439.17397 414.65214 337.94319 305.85812 302.69333 309.94247 269.65829 -0.0 <END>
-0.0 468.24814 436.69624 411.38726 334.7424 304.02504 301.45694 315.27732 29.10131 -0.0 <END>
-0.0 472.8653 436.64119 412.31405 335.59953 305.18774 302.59301 314.32456 151.27524 -0.0 <END>
-0.0 495.0 439.77817 415.64872 338.35094 306.44468 303.03883 310.09173 214.95352 -0.0 <END>
-0.0 478.29982 440.7728 415.71734 338.69094 306.33167 302.52266 312.27879 216.19835 -0.0 <END>
-0.0 470.79265 436.72602 409.62949 333.7612 305.02325 303.75483 313.3451 -0.0 -0.0 <END>
-0.0 495.0 443.7503 416.3615 338.66749 306.70414 302.74867 314.77817 153.63173 -0.0 <END>
-0.0 495.0 443.30691 415.17925 337.91957 306.68953 304.63165 320.74618 34.23533 -0.0 <END>
-0.0 479.44488 444.65032 416.62676 338.97712 307.56896 304.08188 311.722 155.52417 -0.0 <END>
-0.0 495.0 438.74257 412.62169 335.61415 305.71783 303.92865 311.7989 39.72464 -0.0 <END>
-0.0 470.17217 441.2718 412.49553 335.48274 306.64559 305.33043 318.11669 35.02469 -0.0 <END>
-0.0 471.64611 441.40924 413.63564 336.02464 306.0837 304.16974 315.40925 -0.0 -0.0 <END>
-0.0 495.0 440.91275 412.27404 335.48831 306.42664 304.49602 315.09941 34.68517 -0.0 <END>
-0.0 495.0 441.65669 413.47072 334.85502 306.32542 306.22058 316.28286 -0.0 -0.0 <END>
-0.0 465.98132 442.34626 411.24353 334.47246 306.69053 305.89825 316.70804 -0.0 -0.0 <END>
-0.0 495.0 443.83596 413.58914 336.32887 307.19626 305.70005 317.99052 38.43028 -0.0 <END>
-0.0 495.0 441.53898 412.65415 335.51651 306.95955 305.67776 316.81305 37.05842 -0.0 <END>
-0.0 495.0 445.46628 414.1824 336.72242 307.67742 306.13273 318.57816 39.00908 -0.0 <END>
-0.0 495.0 441.63727 411.72469 334.86696 306.40503 305.25201 315.8735 -0.0 -0.0 <END>
-0.0 472.80818 444.55314 409.87664 333.86759 307.69118 307.05395 324.18527 -0.0 -0.0 <END>
-0.0 495.0 445.55221 414.51555 336.71142 307.29467 306.92186 317.23175 -0.0 -0.0 <END>
-0.0 495.0 448.00014 414.95251 337.34909 307.93262 307.2508 321.54891 -0.0 -0.0 <END>
-0.0 467.71385 439.76663 407.72499 332.29917 306.17389 306.35832 318.94233 -0.0 -0.0 <END>
-0.0 495.0 445.54968 411.87071 335.06768 307.84595 307.6059 320.96981 -0.0 -0.0 <END>
-0.0 495.0 444.50908 410.21927 332.83826 307.41765 308.16493 321.12364 -0.0 -0.0 <END>
-0.0 469.92797 443.70416 408.67413 333.60153 307.76434 308.5087 318.19183 -0.0 -0.0 <END>
-0.0 495.0 444.27156 410.28638 334.04542 307.74672 307.71318 325.71355 -0.0 -0.0 <END>
-0.0 472.99808 446.6365 412.34893 335.27804 307.65342 308.12437 322.04444 -0.0 -0.0 <END>
-0.0 495.0 446.45575 410.23324 334.08319 308.20013 308.59887 326.87637 -0.0 -0.0 <END>
-0.0 473.42827 446.82472 411.66757 335.38055 308.12411 307.72863 323.91651 -0.0 -0.0 <END>
-0.0 495.0 447.53999 411.63033 335.26559 308.68053 308.65722 320.6994 -0.0 -0.0 <END>
-0.0 495.0 447.37533 409.61522 334.11136 308.759 309.48079 325.60987 -0.0 -0.0 <END>
-0.0 475.81257 447.70108 412.07563 335.14879 308.58625 308.8509 323.85081 -0.0 -0.0 <END>
-0.0 495.0 445.93667 409.04304 333.55564 307.95219 308.47731 324.75343 -0.0 -0.0 <END>
-0.0 474.07855 448.7233 410.74773 334.81938 309.06655 309.32983 325.58944 -0.0 -0.0 <END>
-0.0 475.96116 449.15769 410.68524 335.03327 309.62447 310.16939 325.04186 -0.0 -0.0 <END>
-0.0 495.0 451.75765 412.32998 336.09091 310.0876 310.8952 320.97438 -0.0 -0.0 <END>
-0.0 495.0 446.20408 400.41796 332.16698 308.61592 310.54737 322.50398 -0.0 -0.0 <END>
-0.0 480.03 452.52104 413.9027 336.80436 309.8791 310.7535 326.91256 -0.0 -0.0 <END>
-0.0 495.0 448.45843 401.15432 332.90911 309.45271 311.68061 327.92149 -0.0 -0.0 <END>
-0.0 495.0 450.64775 404.55408 334.84346 310.19076 311.47475 327.78312 -0.0 -0.0 <END>
-0.0 477.24205 451.29654 410.80148 335.17231 310.36918 311.80582 324.17121 -0.0 -0.0 <END>
-0.0 470.8276 449.41606 400.73739 332.90217 309.95001 312.57962 332.22571 -0.0 -0.0 <END>
-0.0 495.0 448.12135 398.11056 331.71299 309.71281 312.16638 327.47512 -0.0 -0.0 <END>
-0.0 495.0 452.74334 404.53867 334.86251 311.04525 313.1227 324.19406 -0.0 -0.0 <END>
-0.0 495.0 448.97266 398.76305 332.01025 309.93094 313.33939 330.31216 -0.0 -0.0 <END>
-0.0 474.04631 452.55362 402.51529 333.97199 310.32334 312.25546 327.47119 -0.0 -0.0 <END>
-0.0 476.50717 453.81066 401.73595 333.69121 310.92252 312.43877 327.59646 -0.0 -0.0 <END>
-0.0 475.31949 453.46281 402.10008 333.89017 310.93981 313.44464 334.68021 -0.0 -0.0 <END>
-0.0 468.51588 450.92703 399.19989 332.67893 310.5206 313.27514 325.7449 -0.0 -0.0 <END>
-0.0 477.01772 454.75404 402.87555 334.86729 311.9392 314.51592 326.13307 -0.0 -0.0 <END>
-0.0 468.65122 451.95259 399.83062 332.78073 311.0491 313.67455 332.18167 -0.0 -0.0 <END>
-0.0 475.69127 454.20557 401.88479 334.43277 312.07012 314.49817 330.31205 -0.0 -0.0 <END>
-0.0 476.23773 456.22058 403.28176 334.85605 311.91071 314.69533 335.17865 -0.0 -0.0 <END>
-0.0 495.0 449.07174 393.67429 330.04251 310.66225 313.25645 332.92475 -0.0 -0.0 <END>
-0.0 495.0 452.45637 398.02076 332.33222 311.32711 314.60213 331.02846 -0.0 -0.0 <END>
-0.0 495.0 452.24793 399.22 332.88185 311.32323 313.11297 327.07615 -0.0 -0.0 <END>
-0.0 470.30465 454.13389 399.12504 333.22328 312.28659 314.10873 326.69645 -0.0 -0.0 <END>
-0.0 495.0 456.40795 400.70181 334.18696 312.73441 315.22062 334.64685 -0.0 -0.0 <END>
-0.0 476.08668 457.7802 401.86614 333.71012 313.09928 316.27047 338.02594 -0.0 -0.0 <END>
-0.0 478.0906 458.46936 401.47405 334.72336 313.54406 315.5878 330.86348 -0.0 -0.0 <END>
-0.0 495.0 457.40919 401.5831 334.7301 313.31567 314.45534 329.16791 -0.0 -0.0 <END>
-0.0 473.82311 457.71177 400.31277 334.1863 313.3695 316.79336 330.57734 0.0 0.0 <END>
0.0 476.50613 458.7778 400.86584 334.77622 313.69112 318.2752 334.02916 -0.0 -0.0 <END>
-0.0 495.0 454.58721 395.87887 331.07328 312.79867 315.68131 339.23916 -0.0 -0.0 <END>
-0.0 495.0 455.18468 394.51628 331.82473 312.98801 318.45065 337.10924 -0.0 -0.0 <END>
-0.0 469.05313 455.83402 397.08076 332.64662 312.70844 316.72945 336.88652 -0.0 -0.0 <END>
-0.0 495.0 459.35462 399.54204 334.62203 314.48468 318.32393 337.34634 -0.0 -0.0 <END>
-0.0 495.0 457.12708 396.59495 333.04248 314.36489 316.46988 333.21744 -0.0 -0.0 <END>
-0.0 495.0 457.29172 397.65127 333.25001 313.94991 315.96662 338.31604 -0.0 -0.0 <END>
-0.0 495.0 456.07396 393.41074 331.79649 314.07698 316.8087 341.2207 -0.0 -0.0 <END>
-0.0 474.00633 459.14101 397.42062 333.58637 314.95396 316.94874 334.57098 -0.0 -0.0 <END>
-0.0 495.0 457.84138 394.11795 332.34868 314.94524 317.5455 340.02916 -0.0 -0.0 <END>
-0.0 495.0 459.5006 394.7137 332.8124 315.05088 319.10064 339.24781 -0.0 -0.0 <END>
-0.0 495.0 460.99815 397.09925 333.98571 315.45264 319.27767 339.63307 -0.0 -0.0 <END>
-0.0 475.18694 461.627 399.59772 334.88695 315.58542 319.88915 337.93792 -0.0 -0.0 <END>
-0.0 495.0 458.78291 393.25845 332.64571 315.60604 320.84098 344.04196 -0.0 -0.0 <END>
-0.0 495.0 462.95971 399.27253 335.3064 316.58084 320.73318 339.2722 -0.0 -0.0 <END>
-0.0 495.0 459.3525 393.64371 332.57393 315.69784 319.50661 337.64401 -0.0 -0.0 <END>
-0.0 495.0 460.09554 394.13155 333.14 316.29755 318.88912 342.33212 -0.0 -0.0 <END>
-0.0 495.0 462.8481 396.25833 334.26159 316.67648 321.31938 339.17501 -0.0 -0.0 <END>
-0.0 495.0 459.75212 392.69074 332.66931 316.15327 323.96133 338.97338 -0.0 -0.0 <END>
-0.0 495.0 462.079 395.53848 333.72312 316.61897 321.00134 339.32738 -0.0 -0.0 <END>
-0.0 495.0 459.38716 390.09227 331.70189 316.11972 322.0334 334.64391 0.0 0.0 <END>
0.0 495.0 461.90713 392.7457 332.52825 317.36841 323.921 336.34597 -0.0 -0.0 <END>
-0.0 495.0 461.80507 391.63008 332.86105 317.41459 325.24883 335.77861 -0.0 -0.0 <END>
-0.0 495.0 462.97896 393.88287 333.82844 317.92124 322.45666 346.69022 -0.0 -0.0 <END>
-0.0 495.0 465.58134 396.83196 335.3454 318.57842 321.90537 342.11755 -0.0 -0.0 <END>
-0.0 495.0 466.65098 395.51391 335.21027 319.13212 324.56289 339.26894 -0.0 -0.0 <END>
-0.0 495.0 467.6871 397.93494 336.00686 318.84636 325.08091 348.05092 -0.0 -0.0 <END>
-0.0 495.0 460.94437 388.79319 332.11195 317.77811 325.3614 341.49724 -0.0 -0.0 <END>
-0.0 495.0 466.10751 394.09627 334.75793 319.46559 327.78939 341.55666 -0.0 -0.0 <END>
-0.0 495.0 465.57246 395.09083 334.63159 318.64979 324.76869 345.12616 -0.0 -0.0 <END>
-0.0 495.0 464.31339 389.83771 333.6073 319.66603 326.09542 341.46056 -0.0 -0.0 <END>
-0.0 495.0 464.70616 392.71377 334.05088 319.04217 326.18872 338.67501 -0.0 -0.0 <END>
-0.0 495.0 465.15102 393.57144 334.30748 319.17703 328.72396 344.61921 -0.0 -0.0 <END>
-0.0 495.0 465.87988 393.31416 334.52172 319.67781 327.49353 349.67492 -0.0 -0.0 <END>
-0.0 495.0 463.67516 389.3009 333.24556 319.66967 328.01293 340.74847 -0.0 -0.0 <END>
-0.0 495.0 465.23638 390.80452 334.05322 320.28051 330.49263 343.78576 -0.0 -0.0 <END>
-0.0 495.0 467.52099 392.50746 335.02704 320.77937 329.15677 342.86729 -0.0 -0.0 <END>
-0.0 495.0 468.47189 392.3862 335.41423 321.37828 331.12188 343.65486 -0.0 -0.0 <END>
-0.0 495.0 468.65929 392.11035 335.26397 321.58372 330.61475 347.03372 -0.0 -0.0 <END>
-0.0 495.0 469.94604 391.74883 335.66431 322.19151 332.03781 348.12748 -0.0 -0.0 <END>
-0.0 495.0 471.60199 394.17933 336.57251 322.2158 327.72671 342.63821 -0.0 -0.0 <END>
-0.0 495.0 469.03384 391.66215 335.47667 322.20563 332.89555 348.80242 -0.0 -0.0 <END>
-0.0 495.0 469.59737 390.77147 335.63126 322.37579 332.56963 355.10726 -0.0 -0.0 <END>
-0.0 495.0 468.87762 389.10624 334.95266 322.83882 333.97692 350.32551 -0.0 -0.0 <END>
-0.0 495.0 471.04986 391.85035 336.37844 323.00486 332.93798 354.62762 -0.0 -0.0 <END>
-0.0 495.0 466.89227 386.94744 334.03164 322.71337 331.25729 353.38467 -0.0 -0.0 <END>
-0.0 495.0 472.19148 391.95419 336.32915 323.39128 332.89155 345.18276 -0.0 -0.0 <END>
-0.0 495.0 474.79627 394.71692 337.58652 324.25663 333.69868 346.70608 -0.0 -0.0 <END>
-0.0 495.0 471.55708 391.13293 336.53641 323.68113 334.4675 355.36718 -0.0 -0.0 <END>
-0.0 495.0 471.72776 390.35635 336.56579 324.18677 331.19367 348.81707 -0.0 -0.0 <END>
-0.0 495.0 471.53879 390.18377 336.56762 324.47342 338.25908 353.85915 -0.0 -0.0 <END>
-0.0 495.0 472.98641 390.44101 336.52048 325.49829 334.21334 356.62009 -0.0 -0.0 <END>
-0.0 495.0 472.54646 389.95482 337.02705 325.41565 336.7567 355.81607 -0.0 -0.0 <END>
-0.0 495.0 477.01406 393.06788 338.74224 326.47768 337.22589 356.39734 -0.0 -0.0 <END>
-0.0 495.0 475.67558 392.26228 338.34241 325.93542 333.80654 353.34581 -0.0 -0.0 <END>
-0.0 495.0 470.1361 387.18746 335.90098 325.10859 336.34542 353.53713 -0.0 -0.0 <END>
-0.0 495.0 474.73046 390.33807 338.02514 326.77275 336.98328 354.40026 -0.0 -0.0 <END>
-0.0 495.0 472.57912 388.04868 337.14379 326.44119 336.37361 358.33164 -0.0 -0.0 <END>
-0.0 495.0 475.24261 390.10573 337.82577 327.67646 339.45879 363.68507 -0.0 -0.0 <END>
-0.0 495.0 470.99373 386.0962 336.70433 326.98317 340.25898 360.30442 -0.0 -0.0 <END>
-0.0 495.0 482.50379 396.83471 341.10893 328.53459 335.9266 350.84295 -0.0 -0.0 <END>
-0.0 495.0 480.24524 395.36738 340.57985 328.04694 339.87837 359.00337 -0.0 -0.0 <END>
-0.0 495.0 471.85527 386.08977 337.21791 328.11837 339.55291 363.29794 -0.0 -0.0 <END>
-0.0 495.0 476.30422 390.50616 338.85849 327.83196 338.32141 362.25699 -0.0 -0.0 <END>
-0.0 495.0 474.54601 388.18532 338.24507 328.43919 337.96001 361.42538 -0.0 -0.0 <END>
-0.0 495.0 477.34357 387.97302 338.96241 329.46924 339.34115 365.41747 0.0 0.0 <END>
0.0 495.0 477.80342 390.95913 339.43696 329.74836 341.6841 365.05782 -0.0 -0.0 <END>
-0.0 495.0 482.64222 395.05464 341.91481 330.34766 342.89456 363.24767 -0.0 -0.0 <END>
-0.0 495.0 485.21569 393.86844 341.31751 331.50045 343.38226 366.18585 -0.0 -0.0 <END>
-0.0 495.0 476.84586 388.53808 340.00912 330.74935 341.34719 367.22631 -0.0 -0.0 <END>
-0.0 495.0 478.12691 389.64428 340.19418 330.91909 340.4961 365.11627 -0.0 -0.0 <END>
-0.0 495.0 483.84714 390.9916 341.06632 332.56753 345.14922 369.81891 -0.0 -0.0 <END>
-0.0 495.0 475.58344 387.41235 339.28122 329.98095 342.04301 365.28128 -0.0 -0.0 <END>
-0.0 495.0 480.86487 391.13414 342.11926 332.84062 344.25535 367.48455 -0.0 -0.0 <END>
-0.0 495.0 475.66771 385.99638 339.70461 331.92696 344.186 369.71017 -0.0 -0.0 <END>
-0.0 495.0 479.0869 387.7916 339.61195 331.59435 341.06456 364.61253 -0.0 -0.0 <END>
-0.0 495.0 478.48387 388.20769 340.5083 332.36583 346.94776 367.95373 -0.0 -0.0 <END>
-0.0 495.0 475.81021 386.22625 339.92852 332.06913 347.24276 370.37981 -0.0 -0.0 <END>
-0.0 495.0 478.92392 388.44283 340.1948 333.08703 344.82866 368.27565 -0.0 -0.0 <END>
-0.0 495.0 482.48505 390.94024 342.25166 333.53227 344.24334 369.97337 -0.0 -0.0 <END>
-0.0 495.0 481.48142 389.86586 342.50028 334.10702 346.76415 376.5092 -0.0 -0.0 <END>
-0.0 495.0 488.33752 395.51203 345.03431 334.80622 345.4438 371.35341 -0.0 -0.0 <END>
-0.0 495.0 488.59787 395.12607 345.00885 335.20684 349.56476 372.8697 -0.0 -0.0 <END>
-0.0 495.0 483.27156 390.8691 342.98341 334.93602 348.69591 375.23512 -0.0 -0.0 <END>
-0.0 495.0 481.53147 388.77812 343.45762 336.66539 350.6364 253.94692 -0.0 -0.0 <END>
-0.0 495.0 488.05363 393.33034 345.50745 337.27983 348.5787 374.67409 -0.0 -0.0 <END>
-0.0 495.0 480.78904 388.3795 342.22919 335.55209 347.21655 256.44934 -0.0 -0.0 <END>
-0.0 495.0 486.90768 392.00237 345.65417 338.21757 348.90012 374.13987 -0.0 -0.0 <END>
-0.0 495.0 483.03295 389.3433 343.72894 336.58709 350.57917 314.38516 -0.0 -0.0 <END>
-0.0 495.0 478.32189 385.45695 343.03793 337.44297 350.9329 74.61396 -0.0 -0.0 <END>
-0.0 495.0 484.25873 387.39493 344.28452 338.53386 351.51301 198.89648 -0.0 -0.0 <END>
-0.0 495.0 487.89157 389.53542 345.98649 340.49263 353.07737 317.98313 -0.0 -0.0 <END>
-0.0 495.0 481.43801 387.51724 344.7495 339.51967 349.58149 314.46414 -0.0 -0.0 <END>
-0.0 495.0 484.90466 389.77376 345.35847 339.26102 351.565 317.31808 -0.0 -0.0 <END>
-0.0 495.0 488.30818 392.41355 346.56895 339.52331 355.53757 320.95694 -0.0 -0.0 <END>
-0.0 495.0 489.05363 390.40785 346.53302 340.74861 352.48495 262.69022 -0.0 -0.0 <END>
-0.0 495.0 489.88008 392.98216 347.80876 341.56297 353.62322 377.83533 -0.0 -0.0 <END>
-0.0 495.0 494.25055 395.6924 349.27729 342.40771 355.96765 258.11687 -0.0 -0.0 <END>
-0.0 495.0 492.50411 394.09056 348.62637 342.46737 355.26726 258.86432 -0.0 -0.0 <END>
-0.0 495.0 484.23961 388.62064 345.48796 341.21218 354.83804 142.8003 -0.0 -0.0 <END>
-0.0 495.0 488.03841 390.64917 347.73254 342.76877 355.61757 199.25344 -0.0 -0.0 <END>
-0.0 495.0 490.20102 392.20654 349.37837 344.26635 354.22522 260.34724 -0.0 -0.0 <END>
-0.0 495.0 490.5276 393.16156 348.36671 342.52134 351.00508 312.52518 -0.0 -0.0 <END>
-0.0 495.0 489.2022 391.38295 348.20373 342.88407 358.00583 322.36056 -0.0 -0.0 <END>
-0.0 495.0 495.0 395.44931 351.37157 345.82256 357.21948 264.07723 -0.0 -0.0 <END>
-0.0 495.0 486.803 389.81223 348.38868 344.7111 358.59374 143.16727 -0.0 -0.0 <END>
-0.0 495.0 489.93387 391.95403 349.00973 344.00578 354.46416 200.60991 -0.0 -0.0 <END>
-0.0 495.0 485.8598 388.83791 348.63417 344.72564 355.93827 81.41177 -0.0 -0.0 <END>
-0.0 495.0 487.35001 389.44822 348.99279 346.30419 357.46422 27.06844 -0.0 -0.0 <END>
-0.0 495.0 489.82168 391.21458 350.24815 346.6106 360.92163 83.36653 -0.0 -0.0 <END>
-0.0 495.0 492.02214 392.39573 351.43885 347.63343 362.45674 147.8668 -0.0 -0.0 <END>
-0.0 495.0 491.93023 392.30102 351.94099 348.53606 360.88898 85.79841 -0.0 -0.0 <END>
-0.0 495.0 493.56953 393.23082 352.14974 348.0989 362.85752 88.19142 -0.0 -0.0 <END>
-0.0 495.0 494.75256 394.08446 352.39873 348.36805 360.69575 143.46019 -0.0 -0.0 <END>
-0.0 495.0 487.80017 389.7552 350.20418 347.73357 359.55413 29.60319 -0.0 -0.0 <END>
-0.0 495.0 494.5171 394.01502 353.57191 350.6138 365.1846 -0.0 -0.0 -0.0 <END>
-0.0 495.0 484.6459 387.31874 350.21198 348.57205 361.87051 -0.0 -0.0 -0.0 <END>
-0.0 495.0 493.60356 390.99105 353.45455 351.46474 365.42296 27.07058 -0.0 -0.0 <END>
-0.0 495.0 486.10874 388.41862 350.66839 349.02857 363.60336 -0.0 -0.0 -0.0 <END>
-0.0 495.0 494.99056 394.29005 353.77303 350.95354 364.45794 -0.0 -0.0 -0.0 <END>
-0.0 495.0 493.01355 393.05757 354.79342 352.86034 367.95053 -0.0 -0.0 -0.0 <END>
-0.0 495.0 489.69491 390.38322 353.27538 352.28773 367.8527 -0.0 -0.0 -0.0 <END>
-0.0 495.0 489.94473 390.58019 353.5027 351.66214 367.02389 -0.0 -0.0 -0.0 <END>
-0.0 495.0 490.03467 390.5621 353.25858 351.29924 366.46821 -0.0 -0.0 -0.0 <END>
-0.0 495.0 495.0 396.11711 355.70999 353.14888 366.41691 -0.0 -0.0 -0.0 <END>
-0.0 495.0 495.0 394.08896 355.98615 354.34792 370.60704 -0.0 -0.0 -0.0 <END>
-0.0 495.0 495.0 395.70437 356.4359 354.23444 367.31904 -0.0 -0.0 -0.0 <END>
-0.0 495.0 495.0 397.03906 357.64784 355.67319 371.94651 -0.0 -0.0 -0.0 <END>
-0.0 495.0 495.0 397.47411 358.02126 355.60906 367.24677 29.94035 -0.0 -0.0 <END>
-0.0 495.0 489.2086 389.91797 354.42678 354.2244 375.01346 -0.0 -0.0 -0.0 <END>
-0.0 495.0 495.0 396.94442 358.78282 357.93717 376.25605 -0.0 -0.0 -0.0 <END>
-0.0 495.0 494.96522 393.7511 355.65636 354.18942 369.85745 -0.0 -0.0 -0.0 <END>
-0.0 495.0 495.0 396.84155 358.80811 357.16857 376.38599 -0.0 -0.0 -0.0 <END>
-0.0 495.0 495.0 394.53414 356.69726 355.73337 374.32702 -0.0 -0.0 -0.0 <END>
-0.0 495.0 491.42093 391.41964 356.24611 356.31583 374.06179 32.71594 -0.0 -0.0 <END>
-0.0 495.0 495.0 398.33956 360.3611 359.52536 374.4131 -0.0 -0.0 -0.0 <END>
-0.0 495.0 495.0 397.62358 360.43059 359.80951 375.88615 -0.0 -0.0 -0.0 <END>
-0.0 495.0 495.0 396.1372 359.71686 358.90582 378.39041 -0.0 -0.0 -0.0 <END>
