0.0 2.9 6.4 0.97 0.07 0.02 0.0 0.01 0.01 0.01 <END>
0.01 2.71 6.27 1.58 0.06 0.01 0.0 0.0 0.01 0.01 <END>
0.01 2.87 6.37 1.6 0.03 0.01 0.01 0.01 0.0 0.01 <END>
0.01 2.74 6.49 1.86 0.07 0.02 0.0 0.01 0.0 0.0 <END>
0.01 2.79 6.45 1.5 0.03 0.03 0.01 0.0 0.01 0.01 <END>
0.01 2.82 6.32 1.74 0.08 0.02 0.01 0.0 0.01 0.0 <END>
0.01 2.72 6.43 1.69 0.05 0.02 0.02 0.01 0.01 0.01 <END>
0.01 2.68 6.31 1.28 0.09 0.02 0.03 0.01 0.01 0.01 <END>
0.01 2.87 6.48 1.4 0.07 0.01 0.01 0.01 0.01 0.01 <END>
0.01 2.88 6.53 1.34 0.05 0.02 0.01 0.01 0.01 0.0 <END>
0.01 2.84 6.31 1.26 0.12 0.02 0.01 0.0 0.0 0.0 <END>
0.01 2.84 6.28 1.47 0.1 0.02 0.01 0.01 0.01 0.01 <END>
0.01 2.9 6.35 1.09 0.11 0.02 0.04 0.01 0.01 0.01 <END>
0.01 2.68 6.34 1.72 0.07 0.01 0.01 0.01 0.0 0.01 <END>
0.01 2.76 6.31 1.49 0.09 0.01 0.02 0.01 0.0 0.0 <END>
0.01 2.89 6.41 1.37 0.09 0.01 0.01 0.01 0.01 0.0 <END>
0.01 2.8 6.27 1.51 0.03 0.02 0.02 0.01 0.01 0.01 <END>
0.01 2.75 6.38 1.38 0.09 0.03 0.01 0.01 0.0 0.01 <END>
0.01 2.79 6.36 1.48 0.05 0.05 0.01 0.02 0.01 0.01 <END>
0.01 2.75 6.31 1.45 0.1 0.03 0.02 0.0 0.0 0.01 <END>
0.01 2.83 6.39 1.32 0.09 0.02 0.0 0.01 0.0 0.01 <END>
0.01 2.85 6.41 1.49 0.1 0.02 0.01 0.0 0.01 0.01 <END>
0.01 2.81 6.52 1.44 0.09 0.01 0.02 0.01 0.01 0.0 <END>
0.01 2.72 6.29 1.18 0.03 0.01 0.01 0.0 0.01 0.0 <END>
0.01 2.77 6.34 1.16 0.02 0.05 0.01 0.01 0.0 0.0 <END>
0.01 2.82 6.36 1.25 0.05 0.05 0.02 0.02 0.01 0.01 <END>
0.01 2.85 6.21 1.13 0.03 0.05 0.04 0.01 0.01 0.01 <END>
0.01 2.61 6.15 1.09 0.04 0.03 0.03 0.0 0.01 0.0 <END>
0.01 2.84 6.35 1.21 0.07 0.01 0.01 0.01 0.0 0.01 <END>
0.01 2.88 6.37 1.08 0.03 0.05 0.03 0.01 0.02 0.0 <END>
0.01 2.85 6.34 1.04 0.05 0.03 0.04 0.02 0.0 0.01 <END>
0.01 2.68 6.42 1.33 0.08 0.0 0.01 0.01 0.0 0.01 <END>
0.01 2.76 6.41 1.06 0.08 0.01 0.0 0.01 0.01 0.01 <END>
0.01 2.72 6.39 1.37 0.12 0.01 0.02 0.01 0.01 0.01 <END>
0.01 2.85 6.4 1.32 0.09 0.03 0.01 0.01 0.01 0.0 <END>
0.01 2.69 6.22 1.17 0.09 0.03 0.0 0.0 0.0 0.0 <END>
0.01 2.77 6.28 1.27 0.09 0.02 0.03 0.01 0.01 0.0 <END>
0.01 2.87 6.32 1.15 0.09 0.02 0.03 0.02 0.01 0.01 <END>
0.01 2.96 6.46 0.98 0.08 0.02 0.01 0.01 0.01 0.0 <END>
0.01 2.82 6.36 1.06 0.03 0.01 0.01 0.0 0.0 0.01 <END>
0.01 2.87 6.43 1.3 0.05 0.02 0.01 0.01 0.01 0.0 <END>
0.01 2.83 6.31 0.93 0.1 0.02 0.02 0.01 0.01 0.01 <END>
0.01 2.88 6.33 0.81 0.07 0.02 0.01 0.0 0.0 0.0 <END>
0.01 2.76 6.25 1.09 0.04 0.03 0.03 0.01 0.0 0.01 <END>
0.01 2.91 6.4 1.27 0.07 0.02 0.01 0.01 0.01 0.01 <END>
0.01 3.01 6.47 0.91 0.1 0.0 0.03 0.01 0.01 0.0 <END>
0.01 2.83 6.3 1.07 0.03 0.05 0.01 0.02 0.01 0.01 <END>
0.01 2.85 6.3 1.06 0.03 0.05 0.01 0.01 0.01 0.01 <END>
0.01 2.93 6.43 1.0 0.06 0.02 0.01 0.0 0.01 0.01 <END>
0.01 2.89 6.32 1.18 0.05 0.02 0.02 0.01 0.0 0.01 <END>
0.01 2.78 6.28 0.71 0.11 0.03 0.02 0.02 0.01 0.01 <END>
0.01 2.92 6.29 1.01 0.03 0.03 0.01 0.01 0.01 0.01 <END>
0.01 2.67 6.21 1.43 0.11 0.02 0.03 0.01 0.0 0.0 <END>
0.01 2.83 6.19 1.24 0.08 0.04 0.03 0.0 0.0 0.0 <END>
0.01 2.7 6.16 0.51 0.09 0.01 0.02 0.01 0.0 0.01 <END>
0.01 2.73 6.17 1.44 0.09 0.05 0.02 0.0 0.01 0.01 <END>
0.01 2.87 6.18 1.21 0.07 0.02 0.02 0.01 0.01 0.01 <END>
0.01 2.89 6.33 1.13 0.02 0.04 0.02 0.01 0.01 0.01 <END>
0.01 3.11 6.33 0.81 0.1 0.02 0.01 0.01 0.0 0.0 <END>
0.01 2.93 6.26 0.35 0.04 0.02 0.01 0.01 0.01 0.01 <END>
0.01 2.68 6.19 0.91 0.04 0.05 0.02 0.0 0.0 0.01 <END>
0.01 2.85 6.34 0.88 0.06 0.01 0.01 0.01 0.01 0.0 <END>
0.01 2.79 6.23 0.96 0.01 0.02 0.01 0.0 0.01 0.01 <END>
0.01 2.73 6.37 0.95 0.1 0.05 0.03 0.02 0.01 0.01 <END>
0.0 2.86 6.22 1.27 0.08 0.01 0.01 0.01 0.01 0.01 <END>
0.01 2.82 6.21 0.5 0.02 0.03 0.02 0.01 0.01 0.01 <END>
0.01 2.94 6.32 0.64 0.04 0.07 0.0 0.02 0.01 0.02 <END>
0.01 2.84 6.31 1.09 0.06 0.03 0.01 0.01 0.0 0.01 <END>
0.01 2.81 6.4 1.11 0.02 0.03 0.01 0.0 0.01 0.01 <END>
0.01 2.94 6.27 0.71 0.03 0.05 0.01 0.01 0.0 0.01 <END>
0.01 2.81 6.18 0.87 0.07 0.05 0.02 0.01 0.01 0.01 <END>
0.01 2.83 6.15 1.24 0.09 0.01 0.01 0.0 0.01 0.01 <END>
0.01 2.78 6.31 0.89 0.08 0.04 0.01 0.01 0.01 0.01 <END>
0.01 2.87 6.28 0.81 0.11 0.05 0.02 0.01 0.01 0.01 <END>
0.01 2.89 6.21 0.46 0.07 0.03 0.01 0.01 0.01 0.01 <END>
0.01 2.84 6.23 0.86 0.09 0.05 0.01 0.02 0.01 0.01 <END>
0.01 2.84 6.24 0.37 0.01 0.03 0.01 0.01 0.01 0.01 <END>
0.01 2.99 6.2 0.23 0.02 0.01 0.01 0.01 0.01 0.0 <END>
0.01 2.68 6.17 0.48 0.07 0.01 0.01 0.01 0.01 0.0 <END>
0.01 2.89 6.22 0.71 0.06 0.03 0.01 0.01 0.01 0.01 <END>
0.01 2.85 6.23 0.32 0.08 0.01 0.01 0.01 0.01 0.0 <END>
0.01 2.74 6.23 0.5 0.02 0.03 0.03 0.01 0.0 0.01 <END>
0.01 2.83 6.21 0.71 0.1 0.02 0.03 0.0 0.02 0.0 <END>
0.01 2.95 6.22 0.46 0.03 0.05 0.02 0.02 0.02 0.01 <END>
0.01 2.76 6.21 0.51 0.02 0.07 0.02 0.02 0.02 0.0 <END>
0.01 2.86 6.13 0.61 0.08 0.03 0.01 0.01 0.0 0.01 <END>
0.01 2.89 6.22 0.87 0.03 0.0 0.0 0.01 0.01 0.01 <END>
0.01 2.87 6.21 0.99 0.06 0.05 0.01 0.0 0.0 0.0 <END>
0.01 2.66 6.14 0.97 0.03 0.03 0.01 0.01 0.0 0.01 <END>
0.01 2.85 6.2 1.11 0.06 0.01 0.01 0.01 0.0 0.0 <END>
0.01 2.79 6.11 0.41 0.01 0.01 0.01 0.01 0.01 0.01 <END>
0.01 2.69 6.19 0.84 0.09 0.04 0.01 0.0 0.0 0.01 <END>
0.01 2.86 6.12 0.5 0.05 0.0 0.01 0.0 0.01 0.0 <END>
0.01 2.84 6.14 0.42 0.02 0.04 0.03 0.0 0.01 0.01 <END>
0.01 2.84 6.15 0.98 0.08 0.02 0.02 0.01 0.01 0.0 <END>
0.01 2.69 6.06 0.88 0.04 0.02 0.02 0.01 0.01 0.0 <END>
0.01 2.75 6.16 0.54 0.07 0.01 0.02 0.0 0.0 0.01 <END>
0.01 2.58 6.05 0.43 0.07 0.02 0.0 0.0 0.01 0.01 <END>
0.01 2.66 6.14 0.9 0.11 0.02 0.03 0.01 0.01 0.01 <END>
0.01 2.81 6.14 0.89 0.07 0.04 0.02 0.01 0.01 0.01 <END>
0.01 2.73 6.11 0.38 0.01 0.02 0.01 0.0 0.0 0.0 <END>
0.01 2.79 6.11 0.68 0.06 0.04 0.02 0.01 0.01 0.01 <END>
0.01 2.89 6.08 0.17 0.04 0.02 0.0 0.01 0.01 0.0 <END>
0.01 2.86 6.06 0.8 0.07 0.03 0.01 0.0 0.0 0.0 <END>
0.01 2.76 6.07 0.42 0.02 0.02 0.02 0.01 0.01 0.01 <END>
0.01 2.85 6.05 0.28 0.08 0.02 0.02 0.0 0.01 0.01 <END>
0.01 2.57 6.12 0.76 0.07 0.0 0.02 0.01 0.0 0.01 <END>
0.01 2.77 6.09 1.01 0.08 0.02 0.02 0.01 0.0 0.01 <END>
0.01 2.92 6.05 0.25 0.06 0.01 0.01 0.01 0.01 0.01 <END>
0.01 2.62 6.11 0.78 0.07 0.03 0.03 0.0 0.01 0.01 <END>
0.01 2.67 6.09 0.71 0.04 0.04 0.02 0.02 0.0 0.0 <END>
0.01 2.8 6.08 0.18 0.03 0.01 0.01 0.01 0.01 0.0 <END>
0.01 2.73 6.06 0.05 0.02 0.01 0.01 0.01 0.0 0.0 <END>
0.01 2.83 6.02 0.06 0.01 0.01 0.01 0.01 0.0 0.01 <END>
0.01 2.76 6.06 0.22 0.05 0.01 0.01 0.02 0.01 0.01 <END>
0.01 2.67 6.07 0.29 0.03 0.01 0.01 0.01 0.01 0.01 <END>
0.01 2.72 6.1 0.61 0.02 0.08 0.01 0.03 0.02 0.0 <END>
0.01 2.8 6.05 0.06 0.02 0.01 0.01 0.01 0.01 0.01 <END>
0.01 2.73 6.05 0.28 0.04 0.04 0.02 0.0 0.0 0.01 <END>
0.01 2.64 5.97 0.2 0.01 0.01 0.01 0.01 0.0 0.01 <END>
0.01 2.63 6.07 0.19 0.03 0.01 0.01 0.01 0.0 0.01 <END>
0.01 2.84 5.96 0.09 0.01 0.02 0.0 0.01 0.01 0.01 <END>
0.01 2.64 5.95 0.3 0.03 0.02 0.02 0.01 0.01 0.01 <END>
0.01 2.71 6.05 0.26 0.05 0.03 0.01 0.01 0.0 0.0 <END>
0.01 2.49 5.99 0.2 0.03 0.02 0.0 0.01 0.01 0.0 <END>
0.01 2.59 5.97 0.5 0.05 0.01 0.02 0.01 0.01 0.0 <END>
0.01 2.74 5.96 0.56 0.02 0.05 0.01 0.01 0.01 0.01 <END>
0.01 2.63 5.96 0.03 0.03 0.0 0.0 0.01 0.01 0.0 <END>
0.01 2.73 6.0 0.26 0.07 0.01 0.02 0.01 0.0 0.01 <END>
0.01 2.83 5.96 0.58 0.04 0.01 0.01 0.01 0.0 0.01 <END>
0.01 2.74 5.93 0.1 0.01 0.01 0.01 0.0 0.01 0.01 <END>
0.01 2.81 5.97 0.42 0.03 0.01 0.01 0.01 0.0 0.0 <END>
0.01 2.79 5.98 0.57 0.02 0.02 0.01 0.0 0.0 0.01 <END>
0.01 2.63 5.96 0.35 0.03 0.04 0.02 0.02 0.0 0.01 <END>
0.01 2.79 5.9 0.37 0.08 0.01 0.02 0.0 0.01 0.01 <END>
0.01 2.73 5.94 0.35 0.1 0.02 0.02 0.01 0.0 0.0 <END>
0.01 2.83 5.9 0.4 0.05 0.02 0.01 0.0 0.01 0.0 <END>
0.01 2.67 5.96 0.59 0.08 0.01 0.03 0.0 0.01 0.0 <END>
0.01 2.61 5.91 0.05 0.01 0.01 0.01 0.01 0.01 0.01 <END>
0.01 2.77 5.95 0.87 0.04 0.03 0.02 0.0 0.01 0.01 <END>
0.01 2.67 5.88 0.09 0.01 0.01 0.0 0.0 0.01 0.01 <END>
0.01 2.62 5.9 0.02 0.03 0.02 0.01 0.01 0.01 0.01 <END>
0.01 2.73 5.81 0.03 0.01 0.01 0.01 0.01 0.01 0.0 <END>
0.01 2.84 5.87 0.41 0.04 0.03 0.01 0.0 0.01 0.0 <END>
0.01 2.68 5.92 0.43 0.08 0.05 0.04 0.01 0.02 0.01 <END>
0.02 2.74 5.89 0.48 0.09 0.02 0.03 0.01 0.02 0.01 <END>
0.01 2.75 5.88 0.1 0.01 0.0 0.0 0.01 0.01 0.0 <END>
0.01 2.9 5.83 0.12 0.0 0.01 0.0 0.0 0.01 0.01 <END>
0.01 2.68 5.92 0.3 0.01 0.01 0.01 0.01 0.0 0.01 <END>
0.01 2.85 5.81 0.07 0.01 0.01 0.01 0.0 0.01 0.01 <END>
0.01 2.7 5.84 0.25 0.07 0.01 0.01 0.01 0.01 0.01 <END>
0.01 2.71 5.85 0.33 0.07 0.01 0.01 0.01 0.01 0.01 <END>
0.01 2.74 5.82 0.17 0.04 0.04 0.01 0.01 0.01 0.01 <END>
0.01 2.66 5.86 0.24 0.06 0.04 0.01 0.02 0.01 0.01 <END>
0.01 2.62 5.86 0.39 0.07 0.02 0.01 0.01 0.01 0.01 <END>
0.01 2.77 5.79 0.1 0.03 0.0 0.0 0.01 0.01 0.0 <END>
0.01 2.79 5.81 0.09 0.03 0.03 0.01 0.01 0.01 0.01 <END>
0.01 2.72 5.81 0.08 0.01 0.02 0.01 0.01 0.0 0.01 <END>
0.01 2.66 5.81 0.3 0.09 0.04 0.01 0.02 0.0 0.01 <END>
0.01 2.63 5.82 0.06 0.02 0.01 0.01 0.0 0.01 0.01 <END>
0.01 2.59 5.8 0.22 0.03 0.0 0.01 0.01 0.0 0.0 <END>
0.01 2.65 5.78 0.11 0.02 0.01 0.01 0.01 0.01 0.01 <END>
0.01 2.82 5.74 0.07 0.01 0.01 0.01 0.01 0.01 0.01 <END>
0.01 2.62 5.8 0.54 0.01 0.02 0.02 0.01 0.01 0.0 <END>
0.01 2.74 5.75 0.06 0.03 0.01 0.01 0.01 0.01 0.01 <END>
0.01 2.55 5.78 0.31 0.03 0.01 0.01 0.01 0.01 0.01 <END>
0.01 2.64 5.79 0.27 0.06 0.02 0.01 0.01 0.01 0.0 <END>
0.01 2.64 5.75 0.12 0.01 0.01 0.01 0.0 0.0 0.01 <END>
0.01 2.73 5.74 0.51 0.05 0.02 0.02 0.01 0.01 0.01 <END>
0.01 2.76 5.68 0.12 0.03 0.01 0.01 0.01 0.01 0.01 <END>
0.01 2.83 5.68 0.11 0.01 0.01 0.01 0.0 0.01 0.0 <END>
0.01 2.86 5.63 0.04 0.01 0.02 0.0 0.01 0.01 0.01 <END>
0.01 2.68 5.71 0.1 0.01 0.02 0.01 0.0 0.0 0.01 <END>
0.01 2.89 5.59 0.09 0.01 0.01 0.01 0.01 0.0 0.01 <END>
0.01 2.77 5.61 0.1 0.01 0.01 0.01 0.0 0.0 0.0 <END>
0.01 2.77 5.68 0.1 0.01 0.0 0.01 0.01 0.01 0.01 <END>
0.01 2.77 5.67 0.13 0.02 0.01 0.01 0.01 0.01 0.0 <END>
0.01 2.59 5.72 0.09 0.01 0.01 0.01 0.0 0.01 0.0 <END>
0.01 2.79 5.6 0.11 0.03 0.01 0.01 0.01 0.01 0.0 <END>
0.01 2.71 5.63 0.09 0.01 0.01 0.0 0.0 0.01 0.01 <END>
0.01 2.74 5.61 0.12 0.01 0.03 0.0 0.01 0.01 0.01 <END>
0.01 2.65 5.62 0.06 0.01 0.01 0.01 0.01 0.01 0.0 <END>
0.01 2.7 5.61 0.17 0.0 0.02 0.01 0.0 0.01 0.01 <END>
0.01 2.56 5.62 0.14 0.05 0.01 0.01 0.0 0.01 0.01 <END>
0.01 2.69 5.6 0.15 0.06 0.01 0.02 0.01 0.01 0.01 <END>
0.01 2.82 5.58 0.07 0.01 0.01 0.0 0.01 0.01 0.01 <END>
0.01 2.81 5.46 0.07 0.01 0.01 0.01 0.01 0.0 0.0 <END>
0.01 2.67 5.53 0.07 0.03 0.02 0.01 0.0 0.01 0.01 <END>
0.01 2.76 5.47 0.06 0.01 0.0 0.01 0.01 0.01 0.01 <END>
0.01 2.71 5.54 0.14 0.01 0.02 0.01 0.01 0.0 0.01 <END>
0.01 2.84 5.5 0.12 0.02 0.02 0.01 0.01 0.01 0.01 <END>
0.01 2.82 5.51 0.11 0.01 0.02 0.0 0.01 0.01 0.01 <END>
0.01 2.57 5.6 0.13 0.01 0.0 0.01 0.01 0.01 0.0 <END>
0.01 2.66 5.5 0.28 0.06 0.01 0.01 0.02 0.0 0.0 <END>
0.01 2.68 5.53 0.15 0.05 0.02 0.02 0.01 0.01 0.0 <END>
0.01 2.75 5.52 0.12 0.01 0.01 0.01 0.01 0.01 0.01 <END>
0.01 2.83 5.34 0.06 0.0 0.01 0.01 0.0 0.01 0.01 <END>
0.01 2.78 5.49 0.14 0.02 0.01 0.01 0.01 0.01 0.01 <END>
0.01 2.6 5.5 0.11 0.03 0.01 0.01 0.01 0.01 0.01 <END>
0.01 2.63 5.5 0.08 0.01 0.01 0.01 0.01 0.0 0.01 <END>
0.01 2.84 5.31 0.06 0.01 0.0 0.01 0.0 0.01 0.01 <END>
0.01 2.57 5.5 0.13 0.06 0.01 0.01 0.01 0.0 0.0 <END>
0.01 2.8 5.38 0.07 0.01 0.0 0.0 0.0 0.01 0.01 <END>
0.01 2.75 5.4 0.05 0.01 0.01 0.01 0.01 0.01 0.0 <END>
0.01 2.58 5.54 0.12 0.03 0.01 0.01 0.0 0.0 0.0 <END>
0.01 2.76 5.43 0.13 0.04 0.05 0.01 0.01 0.0 0.0 <END>
0.01 2.67 5.44 0.09 0.02 0.01 0.01 0.01 0.01 0.01 <END>
0.01 2.71 5.43 0.17 0.01 0.03 0.0 0.0 0.01 0.0 <END>
0.01 2.68 5.37 0.11 0.06 0.02 0.01 0.01 0.0 0.01 <END>
0.01 2.8 5.14 0.09 0.02 0.0 0.0 0.01 0.0 0.0 <END>
0.01 2.71 5.35 0.08 0.01 0.01 0.01 0.01 0.0 0.01 <END>
0.01 2.76 5.3 0.06 0.01 0.01 0.0 0.01 0.01 0.0 <END>
0.01 2.77 5.23 0.07 0.01 0.01 0.01 0.0 0.01 0.01 <END>
0.01 2.75 5.28 0.05 0.01 0.01 0.01 0.0 0.0 0.01 <END>
0.01 2.67 5.4 0.12 0.03 0.01 0.0 0.01 0.01 0.01 <END>
0.01 2.74 5.3 0.1 0.02 0.01 0.01 0.01 0.01 0.01 <END>
0.01 2.83 5.22 0.1 0.04 0.01 0.01 0.0 0.01 0.01 <END>
0.01 2.65 5.4 0.14 0.02 0.03 0.02 0.01 0.01 0.01 <END>
0.01 2.82 5.17 0.12 0.01 0.02 0.01 0.01 0.01 0.01 <END>
0.01 2.65 5.32 0.11 0.02 0.01 0.0 0.01 0.0 0.01 <END>
0.01 2.75 5.12 0.1 0.01 0.01 0.01 0.01 0.01 0.0 <END>
0.01 2.69 5.26 0.12 0.05 0.02 0.01 0.01 0.0 0.0 <END>
0.01 2.69 5.21 0.07 0.01 0.01 0.01 0.01 0.01 0.0 <END>
0.01 2.84 5.15 0.1 0.04 0.01 0.01 0.01 0.01 0.01 <END>
0.01 2.78 5.15 0.1 0.01 0.01 0.01 0.01 0.01 0.01 <END>
0.01 2.49 5.32 0.36 0.01 0.01 0.01 0.01 0.01 0.01 <END>
0.01 2.75 5.18 0.1 0.03 0.01 0.01 0.01 0.0 0.0 <END>
0.01 2.64 5.21 0.06 0.02 0.01 0.0 0.01 0.01 0.01 <END>
0.01 2.77 5.13 0.09 0.02 0.0 0.01 0.01 0.01 0.01 <END>
0.01 2.61 5.27 0.11 0.06 0.01 0.01 0.01 0.01 0.01 <END>
0.01 2.61 5.28 0.17 0.05 0.01 0.02 0.01 0.01 0.0 <END>
0.01 2.82 4.97 0.11 0.02 0.02 0.01 0.0 0.0 0.0 <END>
0.01 2.57 5.27 0.11 0.01 0.01 0.01 0.01 0.01 0.0 <END>
0.01 2.66 5.11 0.12 0.02 0.01 0.01 0.01 0.0 0.01 <END>
0.01 2.79 4.92 0.09 0.02 0.02 0.01 0.01 0.01 0.01 <END>
0.01 2.59 5.12 0.12 0.02 0.01 0.01 0.01 0.0 0.01 <END>
0.01 2.65 5.14 0.13 0.02 0.02 0.01 0.01 0.0 0.01 <END>
0.01 2.72 5.13 0.1 0.06 0.0 0.01 0.0 0.01 0.01 <END>
0.01 2.73 5.04 0.15 0.01 0.03 0.0 0.01 0.01 0.01 <END>
0.01 2.69 5.05 0.09 0.01 0.01 0.01 0.01 0.0 0.01 <END>
0.01 2.68 5.07 0.1 0.03 0.01 0.01 0.0 0.01 0.01 <END>
0.01 2.7 5.09 0.1 0.03 0.01 0.0 0.01 0.01 0.01 <END>
0.01 2.63 5.13 0.12 0.03 0.02 0.0 0.01 0.0 0.01 <END>
0.01 2.68 5.03 0.13 0.04 0.0 0.01 0.0 0.01 0.01 <END>
0.01 2.74 4.91 0.13 0.05 0.02 0.01 0.0 0.01 0.01 <END>
0.01 2.66 4.99 0.13 0.03 0.04 0.01 0.01 0.01 0.0 <END>
0.01 2.74 4.95 0.12 0.05 0.02 0.01 0.01 0.0 0.0 <END>
0.01 2.62 4.96 0.09 0.01 0.02 0.0 0.02 0.01 0.01 <END>
0.01 2.79 4.84 0.1 0.1 0.02 0.01 0.01 0.0 0.0 <END>
0.01 2.74 4.91 0.25 0.12 0.02 0.03 0.02 0.01 0.0 <END>
