0.0 1.89 1.95 1.97 1.49 1.02 0.7 0.48 0.35 0.08 0.03 <END>
0.03 1.95 1.95 1.97 1.54 1.06 0.71 0.5 0.29 0.08 <END>
0.08 1.58 1.97 1.99 1.53 1.03 0.7 0.49 0.35 0.06 <END>
0.01 1.82 1.97 1.97 1.47 1.01 0.68 0.46 0.32 0.02 <END>
0.02 1.79 1.96 1.96 1.52 1.03 0.7 0.5 0.36 0.02 0.03 <END>
0.03 1.74 1.96 1.98 1.5 1.01 0.68 0.49 0.3 0.03 <END>
0.03 1.75 1.96 1.98 1.48 0.99 0.67 0.48 0.34 0.0 <END>
0.02 1.81 1.96 1.99 1.47 1.0 0.66 0.46 0.34 0.01 <END>
0.03 1.73 1.97 1.99 1.49 0.99 0.67 0.46 0.33 0.03 <END>
0.0 1.86 2.0 1.98 1.46 0.97 0.65 0.36 0.34 0.07 <END>
0.02 1.82 1.96 1.98 1.47 0.98 0.65 0.32 0.31 0.01 <END>
0.02 1.86 1.98 1.97 1.45 0.97 0.64 0.23 0.27 0.03 <END>
0.04 1.76 1.96 1.99 1.48 0.98 0.66 0.46 0.33 0.02 <END>
0.03 1.77 1.96 1.98 1.47 0.98 0.66 0.33 0.31 0.01 <END>
0.05 1.84 1.98 1.97 1.43 0.97 0.65 0.24 0.25 0.04 <END>
0.03 1.7 1.97 1.98 1.48 1.0 0.67 0.47 0.35 0.0 <END>
0.02 1.82 1.98 1.98 1.46 0.99 0.67 0.25 0.34 0.02 <END>
0.04 1.86 1.97 1.98 1.42 0.96 0.65 0.23 0.34 0.1 <END>
0.02 1.84 1.97 1.98 1.44 0.96 0.64 0.25 0.13 0.03 <END>
0.0 1.87 1.97 1.98 1.43 0.96 0.65 0.24 0.11 0.04 <END>
0.01 1.78 1.96 1.97 1.43 0.96 0.64 0.23 0.06 0.03 <END>
0.02 1.87 1.97 1.98 1.41 0.96 0.64 0.25 0.27 0.04 <END>
0.01 1.89 1.97 1.98 1.42 0.95 0.63 0.26 0.13 0.06 <END>
0.03 1.77 1.96 1.97 1.43 0.96 0.64 0.22 0.06 0.01 <END>
0.01 1.9 1.97 1.97 1.39 0.93 0.63 0.23 0.09 0.01 <END>
0.0 1.99 1.96 1.99 1.39 0.94 0.62 0.22 0.06 0.02 <END>
0.01 1.93 1.96 1.99 1.38 0.93 0.63 0.28 0.09 0.07 <END>
0.01 1.75 1.98 1.96 1.43 0.96 0.63 0.25 0.11 0.05 <END>
0.04 1.64 1.96 1.97 1.45 0.97 0.66 0.22 0.34 0.06 <END>
0.03 1.79 1.96 1.99 1.42 0.95 0.64 0.19 0.27 0.05 <END>
0.02 1.74 1.96 1.98 1.42 0.95 0.64 0.2 0.06 0.01 <END>
0.01 1.7 1.98 1.99 1.43 0.95 0.64 0.24 0.12 0.03 <END>
0.01 1.93 2.0 1.96 1.39 0.94 0.63 0.29 0.17 0.05 <END>
0.03 1.79 1.97 1.97 1.4 0.94 0.61 0.23 0.08 0.01 <END>
0.01 1.79 1.97 1.99 1.4 0.93 0.62 0.26 0.1 0.03 <END>
0.02 1.81 1.96 1.98 1.39 0.93 0.63 0.27 0.11 0.02 <END>
0.01 1.89 1.96 1.99 1.38 0.92 0.62 0.27 0.16 0.06 <END>
0.03 1.86 1.98 1.98 1.39 0.93 0.63 0.26 0.18 0.07 <END>
0.02 1.81 1.96 1.99 1.38 0.92 0.62 0.27 0.28 0.05 <END>
0.02 1.78 1.96 1.96 1.36 0.9 0.59 0.35 0.06 0.01 <END>
0.0 1.84 1.95 1.98 1.37 0.92 0.62 0.29 0.19 0.03 <END>
0.01 1.75 1.96 1.98 1.38 0.92 0.63 0.26 0.06 0.04 <END>
0.02 1.71 1.96 1.98 1.38 0.94 0.62 0.25 0.15 0.07 <END>
0.05 1.81 1.98 1.97 1.36 0.92 0.6 0.33 0.13 0.01 <END>
0.04 1.75 1.98 1.96 1.38 0.91 0.61 0.25 0.08 0.04 <END>
0.01 1.79 1.98 1.99 1.38 0.91 0.61 0.27 0.05 0.01 <END>
0.02 1.8 1.97 1.97 1.36 0.92 0.61 0.36 0.19 0.06 <END>
0.0 1.79 1.97 1.98 1.34 0.9 0.6 0.28 0.12 0.0 <END>
0.0 1.9 1.95 1.99 1.35 0.9 0.6 0.31 0.06 0.01 <END>
0.0 1.84 1.97 1.99 1.36 0.9 0.61 0.31 0.17 0.04 <END>
0.01 1.92 1.97 2.0 1.34 0.89 0.6 0.37 0.11 0.04 <END>
0.01 1.88 1.96 1.97 1.35 0.89 0.59 0.32 0.12 0.03 <END>
0.02 1.74 1.97 1.99 1.36 0.91 0.6 0.33 0.14 0.05 <END>
0.02 1.69 1.99 1.98 1.37 0.92 0.61 0.27 0.11 0.02 <END>
0.0 1.85 1.98 1.97 1.31 0.88 0.59 0.39 0.1 0.02 <END>
0.01 1.76 1.96 1.98 1.35 0.91 0.61 0.35 0.1 0.02 <END>
0.0 1.83 1.97 1.98 1.34 0.89 0.59 0.38 0.08 0.03 <END>
0.02 1.73 1.97 1.99 1.34 0.9 0.6 0.31 0.09 0.02 <END>
0.02 1.81 1.97 1.96 1.33 0.89 0.58 0.41 0.08 0.02 <END>
0.01 1.92 1.98 1.98 1.31 0.86 0.57 0.41 0.13 0.06 <END>
0.02 1.8 1.96 1.98 1.31 0.88 0.59 0.42 0.12 0.04 <END>
0.01 1.8 1.97 1.97 1.31 0.88 0.58 0.41 0.13 0.06 <END>
0.02 1.79 1.96 1.97 1.31 0.86 0.57 0.43 0.12 0.03 <END>
0.01 1.94 1.98 1.99 1.3 0.87 0.57 0.44 0.08 0.02 <END>
0.01 1.86 1.97 1.99 1.32 0.87 0.58 0.42 0.1 0.02 <END>
0.01 1.84 1.96 1.99 1.3 0.87 0.57 0.41 0.1 0.06 <END>
0.01 1.74 1.95 1.98 1.32 0.88 0.59 0.41 0.13 0.05 <END>
0.0 1.77 1.97 1.98 1.32 0.87 0.58 0.43 0.04 0.0 <END>
0.0 1.89 1.98 1.98 1.28 0.86 0.46 0.4 0.07 0.03 <END>
0.02 1.76 1.96 1.98 1.32 0.86 0.56 0.43 0.14 0.01 <END>
0.02 1.72 1.99 1.96 1.31 0.86 0.57 0.41 0.09 0.03 <END>
0.0 1.91 1.96 2.0 1.27 0.85 0.45 0.4 0.03 0.04 <END>
0.03 1.82 1.99 1.97 1.3 0.85 0.58 0.4 0.07 0.0 <END>
0.0 1.86 1.97 1.99 1.27 0.84 0.44 0.4 0.04 0.01 <END>
0.0 1.86 1.99 1.96 1.27 0.84 0.32 0.42 0.1 0.02 <END>
0.01 1.81 1.97 1.98 1.28 0.84 0.56 0.39 0.12 0.02 <END>
0.01 1.74 1.97 1.99 1.3 0.84 0.56 0.4 0.06 0.01 <END>
0.0 1.84 1.98 1.97 1.28 0.83 0.45 0.4 0.09 0.01 <END>
0.03 1.77 1.98 1.96 1.29 0.86 0.57 0.4 0.09 0.01 <END>
0.02 1.7 1.97 1.97 1.28 0.85 0.46 0.41 0.14 0.01 <END>
0.01 1.85 1.99 1.95 1.27 0.84 0.44 0.41 0.05 0.04 <END>
0.02 1.73 1.96 1.98 1.28 0.85 0.55 0.4 0.13 0.02 <END>
0.04 1.81 1.99 1.96 1.26 0.83 0.43 0.38 0.07 0.04 <END>
0.01 1.75 1.98 1.96 1.28 0.85 0.56 0.4 0.06 0.01 <END>
0.0 1.77 1.99 1.97 1.26 0.84 0.56 0.4 0.07 0.01 <END>
0.01 1.75 1.98 1.96 1.27 0.84 0.55 0.42 0.07 0.01 <END>
0.02 1.9 1.98 1.89 1.24 0.82 0.34 0.42 0.05 0.04 <END>
0.01 1.7 1.97 1.99 1.29 0.84 0.44 0.38 0.09 0.03 <END>
0.02 1.91 1.98 1.89 1.23 0.81 0.33 0.4 0.05 0.01 <END>
0.01 1.8 1.99 1.91 1.26 0.83 0.33 0.38 0.07 0.04 <END>
0.01 1.72 1.98 1.95 1.27 0.83 0.43 0.41 0.04 0.01 <END>
0.01 1.9 1.99 1.89 1.22 0.83 0.32 0.39 0.04 0.02 <END>
0.02 1.95 1.97 1.86 1.21 0.81 0.35 0.38 0.05 0.01 <END>
0.0 1.77 1.98 1.92 1.23 0.83 0.33 0.4 0.05 0.04 <END>
0.01 1.88 1.98 1.86 1.22 0.8 0.31 0.38 0.04 0.02 <END>
0.01 1.87 1.95 1.88 1.24 0.81 0.34 0.38 0.04 0.01 <END>
0.0 1.81 1.98 1.88 1.22 0.81 0.32 0.4 0.13 0.03 <END>
0.02 1.85 1.99 1.88 1.23 0.8 0.35 0.27 0.03 0.03 <END>
0.01 1.85 1.98 1.85 1.21 0.79 0.33 0.38 0.03 0.01 <END>
0.01 1.81 1.99 1.87 1.23 0.81 0.33 0.42 0.09 0.02 <END>
0.01 1.83 1.99 1.85 1.21 0.8 0.31 0.37 0.01 0.02 <END>
0.01 1.85 1.97 1.87 1.23 0.82 0.35 0.38 0.02 0.02 <END>
0.0 1.71 1.97 1.88 1.23 0.82 0.31 0.39 0.04 0.0 <END>
0.0 1.96 1.98 1.79 1.18 0.78 0.37 0.14 0.05 0.01 <END>
0.0 1.89 1.97 1.83 1.19 0.79 0.32 0.38 0.04 0.02 <END>
0.01 1.75 1.98 1.85 1.21 0.79 0.35 0.28 0.03 0.02 <END>
0.01 1.83 1.97 1.83 1.21 0.79 0.35 0.3 0.02 0.02 <END>
0.0 1.77 1.99 1.84 1.21 0.8 0.37 0.25 0.03 0.0 <END>
0.0 1.73 1.98 1.86 1.2 0.81 0.38 0.24 0.03 0.0 <END>
0.0 1.81 1.98 1.84 1.2 0.8 0.33 0.36 0.02 0.04 <END>
0.02 1.73 1.99 1.84 1.21 0.8 0.37 0.18 0.06 0.05 <END>
0.03 1.73 1.98 1.83 1.21 0.79 0.35 0.3 0.03 0.01 <END>
0.0 1.8 1.96 1.83 1.19 0.79 0.38 0.14 0.03 0.02 <END>
0.01 1.89 1.97 1.79 1.16 0.76 0.4 0.14 0.01 0.01 <END>
0.01 1.95 1.97 1.77 1.17 0.75 0.47 0.13 0.04 0.03 <END>
0.02 1.82 1.97 1.8 1.18 0.78 0.38 0.14 0.06 0.01 <END>
0.01 1.79 1.98 1.8 1.18 0.78 0.37 0.18 0.05 0.01 <END>
0.0 1.87 1.97 1.79 1.16 0.78 0.4 0.18 0.03 0.03 <END>
0.0 1.76 1.97 1.8 1.17 0.78 0.46 0.14 0.02 0.0 <END>
0.0 1.93 1.98 1.76 1.16 0.77 0.48 0.07 0.02 0.02 <END>
0.01 1.76 1.98 1.78 1.16 0.76 0.46 0.2 0.01 0.02 <END>
0.0 1.91 1.96 1.75 1.15 0.76 0.45 0.13 0.02 0.01 <END>
0.0 1.97 1.97 1.75 1.15 0.75 0.44 0.17 0.02 0.02 <END>
0.0 1.85 1.97 1.76 1.15 0.76 0.41 0.14 0.02 0.01 <END>
0.01 1.74 1.97 1.79 1.18 0.77 0.38 0.14 0.04 0.01 <END>
0.0 1.93 1.98 1.74 1.14 0.75 0.47 0.08 0.08 0.03 <END>
0.01 1.68 1.97 1.77 1.16 0.77 0.38 0.13 0.05 0.02 <END>
0.0 1.9 1.98 1.75 1.14 0.75 0.49 0.18 0.04 0.02 <END>
0.01 1.88 1.99 1.75 1.15 0.75 0.49 0.16 0.02 0.01 <END>
0.0 1.84 1.98 1.75 1.14 0.75 0.48 0.14 0.02 0.01 <END>
0.0 1.89 1.97 1.73 1.13 0.73 0.5 0.17 0.07 0.02 <END>
0.01 1.78 1.98 1.75 1.14 0.75 0.44 0.13 0.01 0.01 <END>
0.0 1.94 1.98 1.7 1.12 0.73 0.51 0.25 0.07 0.01 <END>
0.01 1.92 1.97 1.73 1.1 0.73 0.5 0.2 0.02 0.01 <END>
0.0 1.91 1.99 1.71 1.12 0.73 0.47 0.17 0.06 0.03 <END>
0.02 1.88 2.0 1.72 1.11 0.74 0.49 0.16 0.04 0.0 <END>
0.0 1.76 1.98 1.75 1.14 0.75 0.48 0.21 0.01 0.01 <END>
0.0 1.86 1.98 1.73 1.13 0.74 0.51 0.18 0.03 0.0 <END>
0.0 1.73 2.0 1.74 1.13 0.75 0.44 0.12 0.02 0.01 <END>
0.0 1.92 1.98 1.69 1.09 0.72 0.48 0.22 0.01 0.01 <END>
0.0 1.8 1.99 1.71 1.12 0.74 0.5 0.2 0.06 0.02 <END>
0.0 1.74 1.98 1.73 1.12 0.75 0.45 0.14 0.02 0.01 <END>
0.01 1.92 1.97 1.68 1.09 0.73 0.5 0.25 0.03 0.01 <END>
0.01 1.77 1.98 1.7 1.11 0.74 0.5 0.26 0.1 0.02 <END>
0.01 1.71 2.0 1.72 1.11 0.73 0.49 0.23 0.0 0.03 <END>
0.0 1.76 1.97 1.71 1.11 0.73 0.48 0.08 0.06 0.03 <END>
0.01 1.84 1.99 1.67 1.09 0.72 0.48 0.26 0.04 0.01 <END>
0.0 1.82 1.99 1.67 1.1 0.72 0.49 0.26 0.04 0.03 <END>
0.02 1.8 1.98 1.69 1.1 0.71 0.48 0.29 0.01 0.01 <END>
0.0 1.85 1.98 1.69 1.1 0.71 0.47 0.28 0.02 0.01 <END>
0.0 1.88 1.97 1.68 1.1 0.71 0.48 0.24 0.01 0.0 <END>
0.0 1.85 1.99 1.67 1.08 0.71 0.48 0.29 0.02 0.01 <END>
0.0 1.79 1.97 1.69 1.09 0.72 0.51 0.26 0.03 0.03 <END>
0.01 1.82 1.99 1.66 1.08 0.7 0.46 0.25 0.01 0.0 <END>
0.0 1.87 1.99 1.66 1.08 0.71 0.47 0.3 0.02 0.01 <END>
0.0 1.87 1.97 1.65 1.06 0.71 0.48 0.33 0.02 0.01 <END>
0.01 1.82 1.98 1.67 1.08 0.71 0.48 0.31 0.03 0.01 <END>
0.0 1.9 1.95 1.62 1.05 0.69 0.47 0.34 0.03 0.02 <END>
0.01 1.81 1.97 1.66 1.08 0.7 0.48 0.28 0.01 0.0 <END>
0.0 1.74 1.97 1.68 1.09 0.71 0.49 0.27 0.02 0.01 <END>
0.0 1.82 1.97 1.65 1.07 0.69 0.48 0.31 0.04 0.01 <END>
0.01 1.85 1.99 1.65 1.07 0.7 0.49 0.35 0.04 0.02 <END>
0.0 1.83 1.96 1.65 1.07 0.7 0.46 0.28 0.01 0.01 <END>
0.0 1.86 1.97 1.64 1.05 0.69 0.46 0.31 0.02 0.0 <END>
0.0 1.82 1.97 1.63 1.05 0.7 0.47 0.33 0.01 0.0 <END>
0.0 1.77 1.98 1.64 1.06 0.69 0.48 0.36 0.03 0.0 <END>
0.0 1.78 1.99 1.63 1.08 0.69 0.48 0.29 0.04 0.01 <END>
0.01 1.9 1.98 1.61 1.04 0.69 0.46 0.31 0.01 0.02 <END>
0.0 1.9 1.97 1.61 1.04 0.68 0.46 0.32 0.02 0.01 <END>
0.0 1.86 1.97 1.6 1.05 0.68 0.46 0.33 0.01 0.01 <END>
0.0 1.89 1.97 1.61 1.03 0.66 0.46 0.33 0.0 0.01 <END>
0.0 1.9 1.98 1.58 1.04 0.68 0.44 0.31 0.01 0.01 <END>
0.0 1.59 1.97 1.65 1.08 0.7 0.49 0.33 0.06 0.03 <END>
0.01 1.65 1.98 1.65 1.06 0.7 0.47 0.28 0.01 0.0 <END>
0.0 1.97 1.97 1.56 1.02 0.66 0.45 0.31 0.02 0.0 <END>
0.0 1.78 1.99 1.61 1.04 0.68 0.46 0.32 0.01 0.0 <END>
0.0 1.88 1.98 1.6 1.03 0.67 0.47 0.33 0.02 0.01 <END>
0.01 1.84 1.98 1.56 1.02 0.66 0.34 0.26 0.03 0.0 <END>
0.01 1.82 1.97 1.59 1.03 0.66 0.45 0.31 0.01 0.01 <END>
0.01 1.71 1.97 1.62 1.05 0.7 0.46 0.32 0.02 0.0 <END>
0.01 1.7 1.97 1.62 1.03 0.68 0.34 0.13 0.02 0.0 <END>
0.0 1.89 1.97 1.58 1.01 0.67 0.46 0.29 0.01 0.01 <END>
0.0 1.85 1.97 1.58 1.03 0.66 0.36 0.13 0.01 0.0 <END>
0.0 1.83 1.97 1.56 1.0 0.66 0.22 0.12 0.04 0.01 <END>
0.0 1.86 1.99 1.57 1.01 0.66 0.23 0.09 0.01 0.0 <END>
0.0 1.81 1.97 1.57 1.02 0.66 0.23 0.07 0.01 0.01 <END>
0.0 1.97 1.99 1.53 1.0 0.64 0.23 0.09 0.02 0.0 <END>
0.01 1.77 1.97 1.56 1.0 0.65 0.35 0.08 0.01 0.01 <END>
0.01 1.87 1.99 1.54 0.98 0.64 0.2 0.34 0.02 0.0 <END>
0.01 1.88 1.98 1.54 1.0 0.65 0.22 0.14 0.04 0.0 <END>
0.0 1.83 1.99 1.56 1.0 0.64 0.26 0.1 0.02 0.01 <END>
0.0 1.74 1.97 1.57 1.01 0.65 0.24 0.13 0.03 0.01 <END>
0.0 1.83 1.97 1.54 1.0 0.65 0.2 0.14 0.05 0.01 <END>
0.02 1.66 1.98 1.6 1.03 0.67 0.35 0.1 0.02 0.0 <END>
0.0 1.68 1.98 1.58 1.04 0.67 0.32 0.31 0.02 0.01 <END>
0.0 1.76 1.99 1.55 1.01 0.65 0.24 0.09 0.01 0.01 <END>
0.0 1.95 1.96 1.52 0.99 0.63 0.2 0.04 0.02 0.0 <END>
0.0 1.87 1.96 1.54 1.01 0.66 0.22 0.05 0.01 0.01 <END>
0.0 1.83 1.97 1.53 0.99 0.63 0.21 0.05 0.01 0.0 <END>
0.0 1.8 1.96 1.54 0.99 0.64 0.23 0.06 0.03 0.02 <END>
0.01 1.79 1.99 1.52 0.98 0.64 0.23 0.07 0.02 0.01 <END>
0.0 2.0 1.98 1.5 0.96 0.63 0.21 0.11 0.03 0.02 <END>
0.01 1.92 1.96 1.47 0.96 0.62 0.23 0.04 0.01 0.0 <END>
0.0 1.9 1.97 1.5 0.96 0.63 0.26 0.06 0.02 0.0 <END>
0.0 1.96 1.97 1.49 0.95 0.62 0.28 0.09 0.02 0.01 <END>
0.0 1.85 1.96 1.5 0.96 0.63 0.24 0.08 0.03 0.0 <END>
0.01 1.78 1.96 1.52 0.98 0.65 0.2 0.1 0.03 0.0 <END>
0.01 1.78 1.96 1.47 0.97 0.63 0.25 0.1 0.03 0.01 <END>
0.0 1.78 1.97 1.51 0.97 0.63 0.24 0.08 0.01 0.01 <END>
0.01 1.76 1.98 1.53 0.98 0.64 0.22 0.06 0.01 0.0 <END>
0.0 1.82 1.98 1.52 0.97 0.62 0.19 0.05 0.03 0.01 <END>
0.01 1.9 1.99 1.48 0.95 0.6 0.26 0.06 0.02 0.01 <END>
0.01 1.9 1.96 1.48 0.96 0.62 0.23 0.04 0.01 0.0 <END>
0.0 1.9 1.98 1.48 0.96 0.62 0.23 0.08 0.02 0.0 <END>
0.0 1.77 1.96 1.51 0.98 0.62 0.27 0.18 0.05 0.03 <END>
0.01 1.79 1.98 1.48 0.96 0.63 0.25 0.07 0.0 0.0 <END>
0.0 1.79 1.96 1.51 0.96 0.62 0.28 0.07 0.01 0.03 <END>
0.02 1.91 1.96 1.46 0.94 0.6 0.24 0.06 0.02 0.0 <END>
0.0 1.77 1.97 1.47 0.96 0.62 0.29 0.06 0.01 0.01 <END>
0.0 1.96 1.97 1.45 0.94 0.61 0.36 0.08 0.01 0.01 <END>
0.0 1.94 1.98 1.44 0.92 0.6 0.35 0.09 0.01 0.02 <END>
0.01 1.88 1.95 1.46 0.95 0.6 0.3 0.05 0.01 0.0 <END>
0.0 1.89 1.97 1.46 0.95 0.61 0.28 0.06 0.02 0.01 <END>
0.0 1.95 1.97 1.45 0.94 0.6 0.3 0.09 0.01 0.0 <END>
0.0 1.89 1.96 1.47 0.94 0.6 0.3 0.08 0.02 0.01 <END>
0.0 1.83 1.98 1.47 0.93 0.61 0.26 0.11 0.0 0.01 <END>
0.01 1.9 1.96 1.44 0.93 0.59 0.36 0.06 0.01 0.01 <END>
0.01 1.83 1.98 1.45 0.93 0.6 0.27 0.06 0.01 0.0 <END>
0.0 2.02 1.98 1.4 0.91 0.59 0.41 0.06 0.01 0.0 <END>
0.0 1.93 1.98 1.41 0.92 0.58 0.37 0.09 0.01 0.01 <END>
0.0 1.91 1.97 1.43 0.91 0.58 0.39 0.04 0.01 0.0 <END>
0.0 1.82 1.97 1.43 0.94 0.58 0.4 0.03 0.0 0.0 <END>
0.0 1.96 1.97 1.43 0.91 0.59 0.36 0.07 0.01 0.01 <END>
0.01 1.98 1.97 1.41 0.91 0.57 0.4 0.04 0.01 0.0 <END>
0.0 1.96 1.96 1.4 0.91 0.58 0.35 0.06 0.01 0.0 <END>
0.0 1.93 1.97 1.41 0.9 0.59 0.4 0.08 0.01 0.01 <END>
0.0 1.76 1.98 1.45 0.94 0.59 0.43 0.04 0.01 0.0 <END>
0.0 1.87 1.95 1.42 0.91 0.59 0.37 0.07 0.02 0.02 <END>
0.02 1.84 1.98 1.45 0.92 0.59 0.38 0.06 0.01 0.0 <END>
0.0 1.81 1.96 1.43 0.91 0.58 0.38 0.08 0.02 0.0 <END>
0.0 1.83 1.96 1.43 0.92 0.58 0.38 0.11 0.03 0.01 <END>
0.0 1.92 1.98 1.38 0.89 0.57 0.38 0.05 0.01 0.01 <END>
0.0 1.84 1.98 1.42 0.9 0.58 0.36 0.09 0.02 0.01 <END>
0.01 1.76 1.99 1.42 0.91 0.6 0.39 0.04 0.01 0.0 <END>
0.0 1.9 1.95 1.42 0.91 0.58 0.38 0.08 0.01 0.01 <END>
0.01 1.76 1.96 1.42 0.91 0.58 0.36 0.04 0.02 0.02 <END>
0.01 1.93 1.98 1.37 0.87 0.58 0.39 0.1 0.0 0.02 <END>
0.01 1.87 1.96 1.41 0.9 0.58 0.41 0.03 0.01 0.0 <END>
0.0 1.86 1.98 1.42 0.89 0.56 0.4 0.08 0.01 0.01 <END>
0.01 1.88 1.97 1.41 0.9 0.57 0.39 0.06 0.02 0.02 <END>
