-0.0 -495.0 -495.0 -442.66 -390.96 -386.25 -400.09 -123.92 -0.0 -0.0 <END>
-0.0 -495.0 -495.0 -444.71 -392.46 -386.04 -398.13 -180.23 -0.0 -0.0 <END>
-0.0 -495.0 -495.0 -455.18 -397.55 -388.87 -399.73 -362.88 -0.0 -0.0 <END>
-0.0 -495.0 -495.0 -444.85 -391.88 -384.78 -398.88 -238.98 -0.0 -0.0 <END>
-0.0 -495.0 -495.0 -452.29 -395.04 -386.16 -397.84 -301.36 -0.0 -0.0 <END>
-0.0 -495.0 -495.0 -443.18 -390.04 -383.12 -395.36 -182.37 -0.0 -0.0 <END>
-0.0 -495.0 -495.0 -456.13 -396.13 -386.0 -395.31 -304.88 -0.0 -0.0 <END>
-0.0 -495.0 -495.0 -451.73 -393.5 -383.89 -396.23 -304.75 -0.0 -0.0 <END>
-0.0 -495.0 -495.0 -453.01 -393.54 -383.52 -392.01 -360.16 -0.0 -0.0 -0.0 <END>
-0.0 -495.0 -495.0 -448.73 -391.39 -383.02 -392.95 -299.22 -0.0 -0.0 <END>
-0.0 -495.0 -495.0 -452.05 -396.25 -381.89 -392.37 -417.1 -0.0 -0.0 <END>
-0.0 -495.0 -495.0 -448.53 -389.77 -380.11 -392.63 -418.71 -0.0 -0.0 <END>
-0.0 -495.0 -495.0 -440.07 -385.35 -377.52 -388.96 -350.84 -0.0 -0.0 <END>
-0.0 -495.0 -495.0 -443.56 -385.43 -377.37 -388.07 -290.89 -0.0 -0.0 <END>
-0.0 -495.0 -495.0 -451.98 -390.5 -379.25 -388.61 -410.94 -0.0 -0.0 <END>
-0.0 -495.0 -495.0 -438.86 -383.14 -374.69 -388.0 -350.66 -0.0 -0.0 <END>
-0.0 -495.0 -495.0 -448.52 -388.59 -378.24 -392.06 -416.68 -0.0 -0.0 <END>
-0.0 -495.0 -495.0 -439.95 -381.96 -372.15 -384.72 -350.64 -0.0 -0.0 <END>
-0.0 -495.0 -495.0 -442.86 -383.29 -374.15 -384.83 -293.48 -0.0 -0.0 <END>
-0.0 -495.0 -495.0 -447.37 -386.13 -374.82 -386.64 -409.57 -0.0 -0.0 <END>
-0.0 -495.0 -495.0 -442.55 -383.83 -373.54 -384.96 -353.24 -0.0 -0.0 <END>
-0.0 -495.0 -495.0 -447.59 -384.3 -371.82 -383.67 -408.84 -0.0 -0.0 <END>
-0.0 -495.0 -495.0 -442.22 -382.03 -371.07 -381.32 -404.75 -0.0 -0.0 <END>
-0.0 -495.0 -495.0 -444.58 -381.35 -370.17 -383.1 -407.97 -0.0 -0.0 <END>
-0.0 -495.0 -495.0 -439.05 -379.14 -367.84 -380.96 -401.28 -0.0 -0.0 <END>
-0.0 -495.0 -495.0 -437.25 -377.61 -366.64 -378.4 -401.69 -0.0 -0.0 <END>
-0.0 -495.0 -495.0 -441.8 -379.46 -368.15 -380.3 -405.41 -0.0 -0.0 <END>
-0.0 -495.0 -495.0 -438.42 -377.38 -365.9 -377.8 -401.32 -0.0 -0.0 <END>
-0.0 -495.0 -495.0 -446.45 -381.02 -367.2 -378.13 -401.02 -0.0 -0.0 <END>
-0.0 -495.0 -495.0 -436.01 -375.52 -364.05 -374.48 -400.41 -0.0 -0.0 <END>
-0.0 -495.0 -495.0 -445.52 -379.8 -365.41 -375.32 -394.28 -0.0 -0.0 <END>
-0.0 -495.0 -495.0 -442.62 -378.35 -364.87 -371.81 -393.62 -0.0 -0.0 <END>
-0.0 -495.0 -495.0 -442.07 -377.7 -363.9 -375.06 -397.05 -0.0 -0.0 <END>
-0.0 -495.0 -495.0 -442.56 -377.98 -364.39 -373.76 -394.08 -0.0 -0.0 <END>
-0.0 -495.0 -495.0 -437.63 -375.07 -362.47 -373.71 -395.62 -0.0 -0.0 <END>
-0.0 -495.0 -495.0 -432.81 -372.11 -360.15 -372.92 -397.11 -0.0 -0.0 <END>
-0.0 -495.0 -495.0 -431.97 -370.84 -358.6 -367.81 -390.46 -0.0 -0.0 <END>
-0.0 -495.0 -495.0 -434.98 -371.97 -358.83 -368.54 -394.39 -0.0 -0.0 <END>
-0.0 -495.0 -495.0 -435.75 -372.1 -358.34 -369.36 -394.7 -0.0 -0.0 <END>
-0.0 -495.0 -495.0 -432.07 -369.15 -356.1 -365.76 -390.93 -0.0 -0.0 <END>
-0.0 -495.0 -495.0 -439.38 -372.65 -357.5 -368.04 -390.93 -0.0 -0.0 <END>
-0.0 -495.0 -495.0 -438.39 -372.31 -357.48 -366.76 -390.11 -0.0 -0.0 <END>
-0.0 -495.0 -495.0 -432.01 -368.02 -354.25 -361.29 -382.03 -0.0 -0.0 <END>
-0.0 -495.0 -495.0 -435.89 -369.0 -353.75 -364.24 -377.34 -0.0 -0.0 <END>
-0.0 -495.0 -495.0 -434.3 -368.8 -354.33 -363.8 -383.43 -0.0 -0.0 <END>
-0.0 -495.0 -495.0 -434.01 -367.53 -354.1 -362.62 -387.29 -0.0 -0.0 <END>
-0.0 -495.0 -495.0 -431.55 -366.06 -351.28 -358.74 -378.3 -0.0 -0.0 <END>
-0.0 -495.0 -495.0 -432.16 -365.57 -350.3 -360.78 -381.7 -0.0 -0.0 <END>
-0.0 -495.0 -495.0 -428.52 -364.02 -349.75 -360.9 -382.36 -0.0 -0.0 <END>
-0.0 -495.0 -495.0 -439.99 -369.15 -352.1 -360.35 -376.05 -0.0 -0.0 <END>
-0.0 -495.0 -495.0 -432.73 -364.25 -348.24 -357.16 -377.64 -0.0 -0.0 <END>
-0.0 -495.0 -495.0 -439.7 -367.28 -349.85 -355.65 -372.91 -0.0 -0.0 <END>
-0.0 -495.0 -495.0 -427.87 -361.44 -346.43 -357.92 -374.73 -0.0 -0.0 <END>
-0.0 -495.0 -495.0 -432.77 -364.2 -348.24 -357.91 -375.58 -0.0 -0.0 <END>
-0.0 -495.0 -495.0 -430.83 -363.84 -348.23 -359.81 -371.55 -0.0 -0.0 <END>
-0.0 -495.0 -495.0 -430.22 -362.5 -346.76 -355.13 -374.46 -0.0 -0.0 <END>
-0.0 -495.0 -495.0 -437.96 -363.58 -345.95 -355.74 -365.44 -0.0 -0.0 <END>
-0.0 -495.0 -495.0 -437.09 -362.21 -344.51 -353.23 -368.01 -0.0 -0.0 <END>
-0.0 -495.0 -495.0 -432.4 -360.09 -343.05 -351.45 -370.63 -0.0 -0.0 <END>
-0.0 -495.0 -495.0 -427.71 -359.25 -342.64 -350.86 -364.83 -0.0 -0.0 <END>
-0.0 -495.0 -495.0 -442.17 -362.41 -343.55 -350.28 -370.38 -0.0 -0.0 <END>
-0.0 -495.0 -495.0 -424.76 -356.76 -340.68 -349.47 -361.96 -0.0 -0.0 <END>
-0.0 -495.0 -495.0 -437.33 -360.58 -341.49 -349.01 -367.44 -0.0 -0.0 <END>
-0.0 -495.0 -495.0 -429.89 -356.8 -339.49 -348.78 -360.35 -0.0 -0.0 <END>
-0.0 -495.0 -495.0 -428.6 -355.43 -338.07 -348.78 -363.51 -0.0 -0.0 <END>
-0.0 -495.0 -495.0 -427.19 -355.91 -339.01 -348.23 -365.21 -0.0 -0.0 <END>
-0.0 -495.0 -495.0 -427.71 -355.55 -338.42 -347.84 -361.4 -0.0 -0.0 <END>
-0.0 -495.0 -495.0 -436.5 -356.51 -338.05 -346.31 -357.35 -0.0 -0.0 <END>
-0.0 -495.0 -495.0 -432.58 -355.5 -337.24 -344.85 -361.59 -0.0 -0.0 <END>
-0.0 -495.0 -495.0 -428.52 -353.08 -335.58 -342.72 -355.64 -0.0 -0.0 <END>
-0.0 -495.0 -495.0 -434.68 -352.7 -333.79 -338.99 -354.43 -0.0 -0.0 <END>
-0.0 -495.0 -495.0 -427.01 -350.67 -332.66 -338.49 -359.2 -0.0 -0.0 <END>
-0.0 -495.0 -495.0 -440.86 -355.16 -335.24 -340.2 -354.31 -0.0 -0.0 <END>
-0.0 -495.0 -495.0 -415.71 -348.32 -331.64 -339.41 -352.17 -0.0 -0.0 <END>
-0.0 -495.0 -495.0 -443.24 -354.52 -333.89 -337.32 -355.02 -0.0 -0.0 <END>
-0.0 -495.0 -495.0 -436.38 -352.54 -333.02 -335.29 -355.58 -0.0 -0.0 <END>
-0.0 -495.0 -495.0 -440.21 -352.89 -332.47 -336.98 -354.17 -0.0 -0.0 <END>
-0.0 -495.0 -495.0 -431.46 -349.18 -329.56 -336.25 -352.49 -0.0 -0.0 <END>
-0.0 -495.0 -495.0 -431.71 -348.06 -328.26 -334.4 -351.05 -0.0 -0.0 <END>
-0.0 -495.0 -495.0 -436.03 -348.11 -327.11 -332.87 -352.68 -0.0 -0.0 <END>
-0.0 -495.0 -495.0 -427.48 -344.93 -326.85 -337.2 -354.24 -0.0 -0.0 <END>
-0.0 -495.0 -495.0 -429.94 -346.04 -326.11 -333.3 -348.25 -0.0 -0.0 <END>
-0.0 -495.0 -495.0 -428.29 -345.22 -325.51 -328.11 -347.31 -0.0 -0.0 <END>
-0.0 -495.0 -495.0 -434.34 -347.21 -326.45 -328.25 -347.41 -0.0 -0.0 <END>
-0.0 -495.0 -495.0 -432.48 -345.17 -325.67 -328.97 -342.78 -0.0 -0.0 <END>
-0.0 -495.0 -495.0 -433.93 -345.64 -324.23 -326.89 -348.21 -0.0 -0.0 <END>
-0.0 -495.0 -495.0 -425.26 -342.84 -323.38 -325.64 -345.22 -0.0 -0.0 <END>
-0.0 -495.0 -495.0 -445.13 -347.42 -325.22 -327.25 -344.77 -0.0 -0.0 <END>
-0.0 -495.0 -495.0 -444.53 -347.55 -323.88 -326.52 -346.56 -0.0 -0.0 <END>
-0.0 -495.0 -495.0 -449.01 -348.27 -323.96 -326.6 -342.26 -0.0 -0.0 <END>
-0.0 -495.0 -495.0 -438.03 -345.22 -322.75 -325.17 -347.34 -0.0 -0.0 <END>
-0.0 -495.0 -495.0 -439.58 -343.09 -321.23 -323.86 -344.28 -0.0 -0.0 <END>
-0.0 -495.0 -495.0 -433.23 -341.67 -319.48 -324.05 -340.91 -0.0 -0.0 <END>
-0.0 -495.0 -495.0 -430.7 -339.38 -318.37 -323.35 -339.35 -0.0 -0.0 <END>
-0.0 -495.0 -495.0 -447.86 -345.73 -320.32 -321.01 -339.98 -0.0 -0.0 <END>
-0.0 -495.0 -495.0 -431.53 -339.62 -317.01 -320.68 -337.4 -0.0 -0.0 <END>
-0.0 -495.0 -495.0 -430.99 -338.46 -316.06 -317.04 -335.62 -0.0 -0.0 <END>
-0.0 -495.0 -495.0 -438.53 -340.85 -317.27 -320.53 -338.34 -0.0 -0.0 <END>
-0.0 -495.0 -495.0 -438.69 -340.72 -316.91 -319.36 -337.95 -0.0 -0.0 <END>
-0.0 -495.0 -495.0 -430.81 -337.29 -314.54 -318.03 -335.18 -0.0 -0.0 <END>
-0.0 -495.0 -495.0 -426.59 -335.57 -313.33 -315.23 -335.46 -0.0 -0.0 <END>
-0.0 -495.0 -495.0 -435.96 -337.77 -313.81 -316.52 -334.35 -0.0 -0.0 <END>
-0.0 -495.0 -495.0 -439.25 -337.74 -314.23 -315.23 -335.69 -0.0 -0.0 <END>
-0.0 -495.0 -495.0 -431.92 -336.1 -312.22 -315.08 -328.97 -0.0 -0.0 <END>
-0.0 -495.0 -495.0 -434.68 -334.37 -310.86 -314.18 -334.38 -0.0 -0.0 <END>
-0.0 -495.0 -495.0 -428.35 -333.49 -309.75 -313.78 -330.96 -0.0 -0.0 <END>
-0.0 -495.0 -495.0 -421.59 -331.34 -309.33 -312.41 -329.58 -0.0 -0.0 <END>
-0.0 -495.0 -495.0 -444.28 -337.78 -311.71 -312.92 -331.45 -0.0 -0.0 <END>
-0.0 -495.0 -495.0 -427.22 -331.08 -307.31 -309.55 -326.56 -0.0 -0.0 <END>
-0.0 -495.0 -495.0 -439.51 -335.97 -310.31 -312.92 -326.4 -0.0 -0.0 <END>
-0.0 -495.0 -495.0 -443.05 -335.64 -308.77 -309.83 -323.13 -0.0 -0.0 <END>
-0.0 -495.0 -495.0 -428.36 -330.06 -305.9 -308.77 -324.55 -0.0 -0.0 <END>
-0.0 -495.0 -495.0 -431.99 -331.29 -306.0 -308.69 -320.49 -0.0 -0.0 <END>
-0.0 -495.0 -495.0 -437.71 -333.1 -307.07 -309.36 -320.66 -0.0 -0.0 <END>
-0.0 -495.0 -495.0 -437.45 -332.19 -305.85 -308.12 -323.49 -0.0 -0.0 <END>
-0.0 -495.0 -495.0 -436.0 -330.66 -304.04 -305.45 -324.89 -0.0 -0.0 <END>
-0.0 -495.0 -495.0 -429.04 -328.18 -303.22 -305.2 -322.37 -0.0 -0.0 <END>
-0.0 -495.0 -495.0 -428.99 -327.99 -302.59 -304.93 -323.33 -0.0 -0.0 <END>
-0.0 -495.0 -495.0 -436.22 -330.62 -304.2 -305.69 -320.85 -0.0 -0.0 <END>
-0.0 -495.0 -495.0 -434.4 -327.82 -300.69 -301.55 -316.69 -0.0 -0.0 <END>
-0.0 -495.0 -495.0 -440.19 -328.63 -301.54 -303.33 -319.43 -0.0 -0.0 <END>
-0.0 -495.0 -495.0 -444.04 -330.74 -302.12 -302.41 -318.32 -0.0 -0.0 <END>
-0.0 -495.0 -495.0 -432.86 -326.27 -299.19 -300.74 -317.21 -0.0 -0.0 <END>
-0.0 -495.0 -495.0 -428.59 -324.07 -297.38 -298.8 -316.23 -0.0 -0.0 <END>
-0.0 -495.0 -495.0 -434.19 -325.85 -298.4 -299.36 -313.94 -0.0 -0.0 <END>
-0.0 -495.0 -495.0 -429.12 -324.31 -297.77 -300.2 -317.75 -0.0 -0.0 <END>
-0.0 -495.0 -495.0 -432.79 -323.39 -296.82 -298.34 -309.95 -0.0 -0.0 <END>
-0.0 -495.0 -495.0 -425.84 -321.56 -294.87 -296.9 -312.02 -0.0 -0.0 <END>
-0.0 -495.0 -495.0 -435.16 -323.9 -295.31 -295.31 -311.22 -0.0 -0.0 <END>
-0.0 -495.0 -495.0 -441.96 -325.88 -295.64 -295.06 -311.59 -0.0 -0.0 <END>
-0.0 -495.0 -495.0 -433.24 -322.53 -294.31 -294.71 -307.44 -0.0 -0.0 <END>
-0.0 -495.0 -495.0 -443.03 -325.51 -295.27 -294.67 -308.22 -0.0 -0.0 <END>
-0.0 -495.0 -495.0 -434.35 -321.67 -292.83 -292.78 -300.0 -25.53 -0.0 <END>
-0.0 -495.0 -495.0 -434.91 -320.94 -293.03 -294.06 -309.11 -0.0 -0.0 <END>
-0.0 -495.0 -495.0 -443.37 -324.56 -293.58 -292.63 -300.88 -84.99 -0.0 <END>
-0.0 -495.0 -495.0 -443.18 -323.79 -292.87 -291.67 -300.42 -25.04 -0.0 <END>
-0.0 -495.0 -495.0 -440.04 -322.43 -292.28 -291.43 -300.09 -24.63 -0.0 <END>
-0.0 -495.0 -495.0 -429.11 -318.5 -290.22 -290.23 -304.5 -0.0 -0.0 <END>
-0.0 -495.0 -495.0 -427.22 -317.24 -288.9 -289.45 -308.03 -0.0 -0.0 <END>
-0.0 -495.0 -495.0 -423.5 -315.44 -287.19 -287.38 -298.12 -0.0 -0.0 <END>
-0.0 -495.0 -495.0 -439.02 -320.25 -289.2 -288.04 -297.32 -76.93 -0.0 <END>
-0.0 -495.0 -495.0 -431.93 -317.22 -287.46 -286.43 -302.42 -17.67 -0.0 <END>
-0.0 -495.0 -495.0 -437.99 -318.69 -287.26 -285.28 -294.18 -74.1 -0.0 <END>
-0.0 -495.0 -495.0 -442.07 -319.94 -287.86 -285.74 -298.4 -18.12 -0.0 <END>
-0.0 -495.0 -495.0 -450.77 -320.55 -287.36 -285.77 -294.2 -136.04 -0.0 <END>
-0.0 -495.0 -495.0 -433.6 -316.31 -285.47 -283.88 -294.57 -73.44 -0.0 <END>
-0.0 -495.0 -495.0 -433.51 -315.35 -284.29 -282.56 -293.44 -135.76 -0.0 <END>
-0.0 -495.0 -495.0 -434.03 -314.64 -283.63 -281.33 -291.35 -129.97 -0.0 <END>
-0.0 -495.0 -495.0 -437.24 -315.02 -282.72 -280.3 -285.93 -128.47 -0.0 <END>
-0.0 -495.0 -495.0 -424.27 -310.99 -281.66 -280.77 -291.44 -67.42 -0.0 <END>
-0.0 -495.0 -495.0 -431.62 -313.36 -282.12 -279.54 -288.21 -192.62 -0.0 <END>
-0.0 -495.0 -495.0 -441.74 -316.23 -283.06 -279.88 -290.24 -196.07 -0.0 <END>
-0.0 -495.0 -495.0 -439.41 -314.96 -282.11 -278.97 -289.02 -249.27 -0.0 <END>
-0.0 -495.0 -495.0 -432.79 -311.98 -279.89 -277.11 -288.56 -252.23 -0.0 <END>
-0.0 -495.0 -495.0 -440.11 -314.53 -281.58 -278.25 -287.11 -188.83 -0.0 <END>
-0.0 -495.0 -495.0 -437.73 -311.62 -279.5 -276.98 -287.71 -186.62 -0.0 <END>
-0.0 -495.0 -495.0 -424.74 -308.05 -277.88 -276.21 -288.87 -187.27 -0.0 <END>
-0.0 -495.0 -495.0 -435.12 -310.51 -277.29 -273.65 -284.19 -243.54 -0.0 <END>
-0.0 -495.0 -495.0 -429.05 -308.45 -277.09 -274.57 -283.57 -124.09 -0.0 <END>
-0.0 -495.0 -495.0 -435.98 -310.59 -277.44 -274.11 -282.78 -302.83 -0.0 <END>
-0.0 -495.0 -495.0 -431.85 -308.58 -276.27 -272.89 -278.77 -298.41 -0.0 <END>
-0.0 -495.0 -495.0 -436.62 -307.77 -274.46 -271.64 -276.88 -178.83 -0.0 <END>
-0.0 -495.0 -495.0 -431.85 -307.15 -274.52 -270.89 -282.03 -304.4 -0.0 <END>
-0.0 -495.0 -495.0 -448.84 -312.89 -276.62 -270.85 -282.25 -300.39 -0.0 <END>
-0.0 -495.0 -495.0 -430.16 -306.16 -273.53 -270.2 -279.19 -305.15 -0.0 <END>
-0.0 -495.0 -495.0 -452.01 -313.2 -275.92 -270.11 -281.26 -301.38 -0.0 <END>
-0.0 -495.0 -495.0 -439.73 -308.83 -273.61 -268.89 -279.67 -295.13 -0.0 <END>
-0.0 -495.0 -495.0 -435.54 -306.78 -272.21 -268.19 -281.2 -297.16 -0.0 <END>
-0.0 -495.0 -495.0 -429.42 -304.77 -271.16 -266.83 -280.38 -301.57 -0.0 <END>
-0.0 -495.0 -495.0 -438.52 -307.07 -271.73 -266.7 -274.27 -300.2 -0.0 <END>
-0.0 -495.0 -495.0 -436.65 -305.94 -271.0 -265.81 -276.76 -297.01 -0.0 <END>
-0.0 -495.0 -495.0 -434.79 -305.02 -270.01 -265.77 -278.35 -294.15 -0.0 <END>
-0.0 -495.0 -495.0 -428.53 -301.99 -268.86 -264.68 -274.78 -292.24 -0.0 <END>
-0.0 -495.0 -495.0 -434.98 -303.74 -268.77 -263.4 -270.45 -291.35 -0.0 <END>
-0.0 -495.0 -495.0 -447.16 -307.35 -270.53 -264.31 -273.61 -291.64 -0.0 <END>
-0.0 -495.0 -495.0 -429.91 -301.09 -266.86 -261.94 -270.59 -293.32 -0.0 <END>
-0.0 -495.0 -495.0 -446.22 -306.33 -268.95 -262.33 -272.34 -288.98 -0.0 <END>
-0.0 -495.0 -495.0 -448.72 -306.87 -268.64 -261.59 -272.25 -292.17 -0.0 <END>
-0.0 -495.0 -495.0 -436.89 -300.4 -265.27 -259.81 -269.88 -290.01 -0.0 <END>
-0.0 -495.0 -495.0 -436.27 -301.64 -265.97 -259.66 -267.89 -291.59 -0.0 <END>
-0.0 -495.0 -495.0 -437.48 -301.71 -265.0 -259.48 -270.03 -290.31 -0.0 <END>
-0.0 -495.0 -495.0 -433.18 -300.18 -265.06 -259.18 -269.23 -291.48 -0.0 <END>
-0.0 -495.0 -495.0 -443.39 -303.21 -264.84 -257.58 -269.37 -287.65 -0.0 <END>
-0.0 -495.0 -495.0 -431.95 -298.49 -262.61 -256.62 -264.53 -287.92 -0.0 <END>
-0.0 -495.0 -495.0 -428.95 -297.47 -261.75 -255.93 -263.91 -283.3 -0.0 <END>
-0.0 -495.0 -495.0 -430.0 -295.84 -260.92 -256.09 -263.31 -284.65 -0.0 <END>
-0.0 -495.0 -495.0 -455.46 -306.09 -263.88 -255.91 -263.04 -283.34 -0.0 <END>
-0.0 -495.0 -495.0 -433.72 -297.98 -260.93 -254.7 -261.11 -283.67 -0.0 <END>
-0.0 -495.0 -495.0 -443.59 -300.91 -262.22 -254.44 -265.08 -280.93 -0.0 <END>
-0.0 -495.0 -495.0 -446.91 -301.73 -262.45 -254.34 -261.01 -276.18 -0.0 <END>
-0.0 -495.0 -495.0 -443.56 -298.06 -259.78 -252.97 -261.24 -277.39 -0.0 <END>
-0.0 -495.0 -495.0 -450.99 -300.18 -260.06 -252.5 -263.22 -277.01 -0.0 <END>
-0.0 -495.0 -495.0 -445.42 -299.93 -260.22 -251.53 -261.28 -278.28 -0.0 <END>
-0.0 -495.0 -495.0 -440.78 -298.12 -259.18 -250.78 -258.02 -275.02 -0.0 <END>
-0.0 -495.0 -495.0 -436.65 -295.77 -257.23 -249.06 -259.0 -278.28 -0.0 <END>
-0.0 -495.0 -495.0 -436.55 -295.57 -256.95 -249.01 -257.1 -272.31 -0.0 <END>
-0.0 -495.0 -495.0 -446.8 -298.79 -257.8 -248.61 -258.7 -278.42 -0.0 <END>
-0.0 -495.0 -495.0 -430.28 -292.51 -255.11 -247.88 -257.62 -270.38 -0.0 <END>
-0.0 -495.0 -495.0 -448.54 -299.05 -257.58 -248.27 -253.89 -268.51 -0.0 <END>
-0.0 -495.0 -495.0 -440.67 -295.58 -255.93 -247.02 -255.48 -274.08 -0.0 <END>
-0.0 -495.0 -495.0 -434.47 -292.8 -254.0 -245.43 -252.99 -266.51 -0.0 <END>
-0.0 -495.0 -495.0 -437.7 -293.76 -253.27 -244.54 -253.07 -267.59 -0.0 <END>
-0.0 -495.0 -495.0 -450.13 -297.82 -255.15 -245.11 -250.83 -260.98 -0.0 <END>
-0.0 -495.0 -495.0 -438.15 -291.61 -253.28 -244.8 -251.14 -263.36 -0.0 <END>
-0.0 -495.0 -495.0 -433.72 -290.83 -251.61 -243.05 -250.54 -265.01 -0.0 <END>
-0.0 -495.0 -495.0 -430.86 -289.75 -250.87 -242.43 -252.0 -268.16 -0.0 <END>
-0.0 -495.0 -495.0 -432.33 -289.39 -250.17 -241.71 -248.4 -261.83 -0.0 <END>
-0.0 -495.0 -495.0 -436.36 -290.81 -250.72 -241.33 -250.07 -266.24 -0.0 <END>
-0.0 -495.0 -495.0 -444.38 -293.37 -251.38 -241.65 -247.92 -262.98 -0.0 <END>
-0.0 -495.0 -495.0 -439.57 -291.21 -249.75 -240.1 -247.07 -256.86 -0.0 <END>
-0.0 -495.0 -495.0 -439.89 -291.21 -249.11 -240.12 -246.33 -260.21 -0.0 <END>
-0.0 -495.0 -495.0 -443.16 -289.76 -248.86 -239.0 -243.8 -253.44 -0.0 <END>
-0.0 -495.0 -495.0 -442.36 -291.18 -248.93 -238.21 -245.46 -255.36 -0.0 <END>
-0.0 -495.0 -495.0 -439.94 -289.81 -247.38 -236.65 -242.05 -251.49 -0.0 <END>
-0.0 -495.0 -495.0 -433.61 -287.18 -245.87 -236.35 -244.53 -255.66 -0.0 <END>
-0.0 -495.0 -495.0 -433.68 -287.01 -246.55 -236.72 -245.85 -257.56 -0.0 <END>
-0.0 -495.0 -495.0 -436.01 -287.64 -245.8 -235.51 -242.87 -257.32 -0.0 <END>
-0.0 -495.0 -495.0 -432.31 -285.57 -243.91 -234.55 -242.76 -260.16 -0.0 <END>
-0.0 -495.0 -495.0 -437.44 -287.66 -245.66 -235.38 -241.09 -253.82 -0.0 <END>
-0.0 -495.0 -495.0 -437.43 -286.68 -244.88 -234.43 -238.99 -251.39 -0.0 <END>
-0.0 -495.0 -495.0 -432.23 -282.97 -242.21 -233.2 -239.12 -251.12 -0.0 <END>
-0.0 -495.0 -495.0 -440.84 -287.12 -243.64 -232.53 -238.18 -254.29 -0.0 <END>
-0.0 -495.0 -495.0 -444.55 -286.35 -242.69 -231.86 -236.99 -244.86 -0.0 <END>
-0.0 -495.0 -495.0 -438.7 -286.22 -242.31 -230.93 -234.73 -250.91 -0.0 <END>
-0.0 -495.0 -495.0 -436.56 -284.82 -241.9 -230.81 -234.2 -246.92 -0.0 <END>
-0.0 -495.0 -495.0 -447.43 -289.12 -243.7 -231.23 -235.85 -252.07 -0.0 <END>
-0.0 -495.0 -495.0 -437.3 -284.47 -241.03 -229.43 -235.17 -247.41 -0.0 <END>
-0.0 -495.0 -495.0 -440.29 -285.16 -241.63 -229.87 -235.59 -247.41 -0.0 <END>
-0.0 -495.0 -495.0 -437.61 -284.14 -240.08 -228.25 -232.81 -246.27 -0.0 <END>
-0.0 -495.0 -495.0 -439.7 -284.64 -238.83 -227.48 -230.76 -245.58 -0.0 <END>
-0.0 -495.0 -495.0 -448.8 -288.37 -241.33 -228.54 -231.94 -243.26 -0.0 <END>
-0.0 -495.0 -495.0 -439.83 -283.79 -238.75 -225.99 -228.88 -249.56 -0.0 <END>
-0.0 -495.0 -495.0 -442.82 -285.12 -239.08 -226.68 -230.29 -244.34 -0.0 <END>
-0.0 -495.0 -495.0 -428.63 -278.46 -237.11 -226.16 -231.39 -243.16 -0.0 <END>
-0.0 -495.0 -495.0 -439.56 -283.09 -237.85 -225.21 -229.88 -245.0 -0.0 <END>
-0.0 -495.0 -495.0 -438.6 -282.14 -236.65 -224.22 -226.76 -236.91 -0.0 <END>
-0.0 -495.0 -495.0 -437.75 -281.34 -236.49 -224.41 -229.23 -242.57 -0.0 <END>
-0.0 -495.0 -495.0 -436.21 -281.56 -234.52 -222.44 -228.07 -241.49 -0.0 <END>
-0.0 -495.0 -495.0 -434.26 -277.27 -234.16 -222.76 -227.5 -244.66 -0.0 <END>
-0.0 -495.0 -495.0 -446.34 -290.11 -235.92 -222.07 -225.79 -238.83 -0.0 <END>
-0.0 -495.0 -495.0 -442.56 -285.26 -235.33 -222.33 -224.11 -236.13 -0.0 <END>
-0.0 -495.0 -495.0 -433.73 -278.8 -233.6 -221.22 -223.56 -240.71 -0.0 <END>
-0.0 -495.0 -495.0 -444.44 -287.9 -234.49 -220.87 -224.99 -236.84 -0.0 <END>
-0.0 -495.0 -495.0 -439.22 -283.91 -233.63 -220.51 -224.15 -238.55 -0.0 <END>
-0.0 -495.0 -495.0 -430.04 -276.19 -231.01 -218.48 -220.87 -235.02 -0.0 <END>
-0.0 -495.0 -495.0 -447.09 -290.53 -233.89 -219.8 -223.34 -236.51 -0.0 <END>
-0.0 -495.0 -495.0 -445.09 -289.29 -232.37 -218.25 -220.69 -230.05 -0.0 <END>
-0.0 -495.0 -495.0 -448.7 -291.73 -233.19 -218.86 -222.11 -235.92 -0.0 <END>
-0.0 -495.0 -495.0 -434.39 -280.46 -230.27 -217.03 -219.33 -236.76 -0.0 <END>
-0.0 -495.0 -495.0 -434.19 -281.6 -229.61 -216.56 -218.66 -233.86 -0.0 <END>
