-0.0 -495.0 -495.0 -495.0 -441.94 -439.81 -458.94 -0.0 -0.0 -0.0 <END>
-0.0 -495.0 -495.0 -495.0 -449.26 -443.95 -461.84 -1.77 -0.0 -0.0 <END>
-0.0 -495.0 -495.0 -495.0 -442.55 -438.6 -454.11 -0.0 -0.0 -0.0 <END>
-0.0 -495.0 -495.0 -495.0 -444.25 -439.24 -459.02 -0.0 -0.0 -0.0 <END>
-0.0 -495.0 -495.0 -495.0 -448.85 -439.78 -453.28 -59.57 -0.0 -0.0 -0.0 <END>
-0.0 -495.0 -495.0 -495.0 -445.47 -438.85 -455.79 -0.0 -0.0 -0.0 <END>
-0.0 -495.0 -495.0 -495.0 -445.27 -438.49 -451.83 -115.35 -0.0 -0.0 <END>
-0.0 -495.0 -495.0 -495.0 -440.97 -436.5 -455.76 -0.0 -0.0 -0.0 <END>
-0.0 -495.0 -495.0 -495.0 -437.71 -433.0 -448.18 -0.0 -0.0 -0.0 <END>
-0.0 -495.0 -495.0 -495.0 -437.57 -431.78 -449.75 -0.0 -0.0 -0.0 <END>
-0.0 -495.0 -495.0 -495.0 -442.24 -433.43 -447.65 -230.46 -0.0 -0.0 <END>
-0.0 -495.0 -495.0 -495.0 -433.65 -427.43 -441.97 -41.21 -0.0 -0.0 <END>
-0.0 -495.0 -495.0 -495.0 -439.52 -430.42 -441.36 -230.44 -0.0 -0.0 <END>
-0.0 -495.0 -495.0 -495.0 -433.02 -426.81 -442.86 -42.43 -0.0 -0.0 <END>
-0.0 -495.0 -495.0 -495.0 -438.71 -428.96 -439.55 -168.77 -0.0 -0.0 <END>
-0.0 -495.0 -495.0 -495.0 -434.07 -425.29 -437.08 -227.45 -0.0 -0.0 <END>
-0.0 -495.0 -495.0 -493.24 -429.76 -422.69 -437.11 -160.13 -0.0 -0.0 <END>
-0.0 -495.0 -495.0 -495.0 -431.98 -424.36 -439.23 -158.66 -0.0 -0.0 <END>
-0.0 -495.0 -495.0 -495.0 -431.9 -423.23 -436.54 -219.51 -0.0 -0.0 <END>
-0.0 -495.0 -495.0 -493.87 -429.51 -421.6 -433.99 -280.87 -0.0 -0.0 <END>
-0.0 -495.0 -495.0 -487.87 -427.1 -421.26 -434.11 -162.68 -0.0 -0.0 <END>
-0.0 -495.0 -495.0 -493.05 -426.57 -417.77 -430.73 -218.72 -0.0 -0.0 <END>
-0.0 -495.0 -495.0 -492.12 -425.45 -416.75 -430.06 -212.19 -0.0 -0.0 <END>
-0.0 -495.0 -495.0 -495.0 -429.56 -418.84 -431.29 -339.87 -0.0 -0.0 <END>
-0.0 -495.0 -495.0 -491.03 -423.56 -415.24 -428.5 -152.92 -0.0 -0.0 <END>
-0.0 -495.0 -495.0 -495.0 -428.15 -417.26 -430.97 -276.52 -0.0 -0.0 <END>
-0.0 -495.0 -495.0 -491.93 -423.96 -414.03 -425.25 -388.6 -0.0 -0.0 <END>
-0.0 -495.0 -495.0 -487.82 -421.53 -412.32 -423.55 -212.01 -0.0 -0.0 <END>
-0.0 -495.0 -495.0 -495.0 -425.61 -413.62 -422.7 -389.38 -0.0 -0.0 <END>
-0.0 -495.0 -495.0 -495.0 -425.91 -413.34 -423.32 -395.47 -0.0 -0.0 <END>
-0.0 -495.0 -495.0 -494.01 -423.82 -412.48 -423.06 -388.64 -0.0 -0.0 <END>
-0.0 -495.0 -495.0 -495.0 -422.88 -410.53 -423.23 -448.07 -0.0 -0.0 <END>
-0.0 -495.0 -495.0 -484.27 -417.1 -407.26 -419.6 -324.88 -0.0 -0.0 <END>
-0.0 -495.0 -495.0 -484.82 -416.89 -406.58 -416.36 -385.73 -0.0 -0.0 <END>
-0.0 -495.0 -495.0 -484.79 -415.43 -404.24 -417.34 -264.51 -0.0 -0.0 <END>
-0.0 -495.0 -495.0 -494.23 -420.52 -407.42 -418.92 -444.78 -0.0 -0.0 <END>
-0.0 -495.0 -495.0 -483.03 -413.77 -402.28 -417.05 -325.25 -0.0 -0.0 <END>
-0.0 -495.0 -495.0 -487.04 -415.57 -405.32 -415.98 -385.81 -0.0 -0.0 <END>
-0.0 -495.0 -495.0 -483.47 -412.18 -401.14 -413.55 -380.47 -0.0 -0.0 <END>
-0.0 -495.0 -495.0 -484.0 -412.61 -401.95 -413.26 -323.73 -0.0 -0.0 <END>
-0.0 -495.0 -495.0 -487.19 -414.39 -402.92 -413.35 -384.61 -0.0 -0.0 <END>
-0.0 -495.0 -495.0 -486.69 -414.0 -400.81 -414.36 -438.06 -0.0 -0.0 <END>
-0.0 -495.0 -495.0 -487.76 -414.03 -400.2 -414.6 -442.2 -0.0 -0.0 <END>
-0.0 -495.0 -495.0 -484.42 -411.3 -397.44 -409.27 -436.55 -0.0 -0.0 <END>
-0.0 -495.0 -495.0 -484.25 -409.2 -396.39 -409.1 -435.39 -0.0 -0.0 <END>
-0.0 -495.0 -495.0 -482.06 -408.71 -394.98 -410.2 -438.4 -0.0 -0.0 <END>
-0.0 -495.0 -495.0 -483.57 -410.4 -396.83 -408.06 -434.42 -0.0 -0.0 <END>
-0.0 -495.0 -495.0 -481.32 -407.7 -394.32 -405.19 -429.03 -0.0 -0.0 <END>
-0.0 -495.0 -495.0 -481.0 -407.02 -393.03 -404.72 -434.23 -0.0 -0.0 <END>
-0.0 -495.0 -495.0 -488.82 -409.75 -393.88 -404.61 -429.6 -0.0 -0.0 <END>
-0.0 -495.0 -495.0 -488.12 -410.12 -394.0 -407.58 -432.88 -0.0 -0.0 <END>
-0.0 -495.0 -495.0 -486.14 -407.71 -391.55 -404.76 -430.82 -0.0 -0.0 <END>
-0.0 -495.0 -495.0 -479.83 -403.69 -388.68 -400.28 -427.83 -0.0 -0.0 <END>
-0.0 -495.0 -495.0 -472.84 -400.64 -387.17 -398.02 -420.94 -0.0 -0.0 <END>
-0.0 -495.0 -495.0 -481.59 -404.7 -389.25 -402.0 -428.15 -0.0 -0.0 <END>
-0.0 -495.0 -495.0 -474.58 -400.26 -385.85 -398.11 -425.78 -0.0 -0.0 <END>
-0.0 -495.0 -495.0 -472.82 -399.44 -384.96 -397.71 -418.39 -0.0 -0.0 <END>
-0.0 -495.0 -495.0 -474.18 -398.35 -384.82 -398.73 -424.83 -0.0 -0.0 <END>
-0.0 -495.0 -495.0 -485.8 -404.33 -387.07 -398.58 -422.41 -0.0 -0.0 <END>
-0.0 -495.0 -495.0 -471.71 -396.94 -381.98 -394.66 -421.1 -0.0 -0.0 <END>
-0.0 -495.0 -495.0 -486.82 -402.94 -385.03 -395.4 -413.5 -0.0 -0.0 <END>
-0.0 -495.0 -495.0 -479.02 -399.14 -382.52 -391.2 -415.86 -0.0 -0.0 <END>
-0.0 -495.0 -495.0 -474.93 -396.75 -380.36 -394.08 -419.3 -0.0 -0.0 <END>
-0.0 -495.0 -495.0 -482.64 -399.23 -381.33 -390.03 -410.83 -0.0 -0.0 <END>
-0.0 -495.0 -495.0 -482.39 -397.66 -380.56 -394.62 -419.77 -0.0 -0.0 <END>
-0.0 -495.0 -495.0 -478.38 -396.56 -378.96 -390.67 -411.67 -0.0 -0.0 <END>
-0.0 -495.0 -495.0 -483.58 -397.42 -378.83 -388.96 -407.29 -0.0 -0.0 <END>
-0.0 -495.0 -495.0 -475.09 -393.67 -375.94 -386.46 -407.65 -0.0 -0.0 <END>
-0.0 -495.0 -495.0 -470.58 -392.3 -375.66 -387.52 -409.38 -0.0 -0.0 <END>
-0.0 -495.0 -495.0 -483.52 -396.58 -377.44 -387.23 -406.26 -0.0 -0.0 <END>
-0.0 -495.0 -495.0 -469.87 -390.22 -373.19 -384.09 -395.8 -0.0 -0.0 <END>
-0.0 -495.0 -495.0 -482.63 -395.33 -375.92 -386.98 -409.61 -0.0 -0.0 <END>
-0.0 -495.0 -495.0 -483.87 -392.87 -372.7 -382.34 -407.38 -0.0 -0.0 <END>
-0.0 -495.0 -495.0 -462.29 -386.97 -370.77 -381.83 -397.83 -0.0 -0.0 <END>
-0.0 -495.0 -495.0 -481.38 -391.12 -372.41 -384.45 -406.77 -0.0 -0.0 <END>
-0.0 -495.0 -495.0 -480.96 -391.73 -371.95 -381.66 -398.23 -0.0 -0.0 <END>
-0.0 -495.0 -495.0 -484.42 -391.85 -371.03 -380.71 -394.37 -0.0 -0.0 <END>
-0.0 -495.0 -495.0 -478.22 -388.92 -368.87 -380.55 -393.79 -0.0 -0.0 <END>
-0.0 -495.0 -495.0 -478.98 -387.45 -368.08 -378.41 -396.0 -0.0 -0.0 <END>
-0.0 -495.0 -495.0 -470.0 -384.98 -366.4 -377.95 -399.73 -0.0 -0.0 <END>
-0.0 -495.0 -495.0 -471.79 -383.61 -365.34 -377.34 -394.3 -0.0 -0.0 <END>
-0.0 -495.0 -495.0 -482.12 -388.54 -367.1 -374.57 -392.9 -0.0 -0.0 <END>
-0.0 -495.0 -495.0 -470.18 -382.54 -362.96 -372.69 -386.44 -0.0 -0.0 <END>
-0.0 -495.0 -495.0 -479.88 -386.82 -365.44 -374.05 -398.27 -0.0 -0.0 <END>
-0.0 -495.0 -495.0 -476.48 -384.71 -364.17 -371.93 -388.78 -0.0 -0.0 <END>
-0.0 -495.0 -495.0 -467.38 -380.5 -360.83 -371.83 -388.12 -0.0 -0.0 <END>
-0.0 -495.0 -495.0 -473.18 -382.55 -361.98 -371.27 -390.08 -0.0 -0.0 <END>
-0.0 -495.0 -495.0 -474.11 -382.01 -360.93 -370.19 -388.59 -0.0 -0.0 <END>
-0.0 -495.0 -495.0 -472.59 -381.5 -360.81 -369.31 -386.56 -0.0 -0.0 <END>
-0.0 -495.0 -495.0 -470.83 -379.42 -358.55 -366.63 -383.77 -0.0 -0.0 <END>
-0.0 -495.0 -495.0 -471.42 -376.88 -356.74 -364.9 -379.83 -0.0 -0.0 <END>
-0.0 -495.0 -495.0 -467.04 -376.67 -355.75 -363.58 -380.6 -0.0 -0.0 <END>
-0.0 -495.0 -495.0 -471.25 -376.78 -354.89 -361.35 -381.09 -0.0 -0.0 <END>
-0.0 -495.0 -495.0 -484.54 -381.52 -357.19 -362.99 -383.1 -0.0 -0.0 <END>
-0.0 -495.0 -495.0 -466.11 -374.3 -352.95 -359.44 -383.85 -0.0 -0.0 <END>
-0.0 -495.0 -495.0 -479.46 -379.44 -355.97 -361.78 -385.65 -0.0 -0.0 <END>
-0.0 -495.0 -495.0 -479.88 -379.01 -354.76 -360.02 -383.77 -0.0 -0.0 <END>
-0.0 -495.0 -495.0 -479.37 -378.05 -353.94 -358.75 -381.52 -0.0 -0.0 <END>
-0.0 -495.0 -495.0 -482.52 -376.33 -352.16 -357.74 -382.55 -0.0 -0.0 <END>
-0.0 -495.0 -495.0 -479.87 -376.43 -351.32 -355.96 -376.99 -0.0 -0.0 <END>
-0.0 -495.0 -495.0 -472.19 -374.2 -350.84 -355.67 -382.11 -0.0 -0.0 <END>
-0.0 -495.0 -495.0 -483.06 -376.84 -351.49 -355.73 -380.53 -0.0 -0.0 <END>
-0.0 -495.0 -495.0 -472.92 -373.35 -349.26 -355.2 -371.71 -0.0 -0.0 <END>
-0.0 -495.0 -495.0 -465.14 -369.57 -346.84 -352.23 -369.91 -0.0 -0.0 <END>
-0.0 -495.0 -495.0 -470.54 -370.89 -347.32 -351.84 -378.38 -0.0 -0.0 <END>
-0.0 -495.0 -495.0 -477.11 -372.4 -347.31 -351.51 -366.67 -0.0 -0.0 <END>
-0.0 -495.0 -495.0 -471.84 -370.53 -346.3 -351.92 -372.57 -0.0 -0.0 <END>
-0.0 -495.0 -495.0 -464.72 -365.43 -343.16 -347.74 -375.77 -0.0 -0.0 <END>
-0.0 -495.0 -495.0 -479.82 -372.28 -345.69 -349.01 -368.74 -0.0 -0.0 <END>
-0.0 -495.0 -495.0 -475.64 -369.13 -344.94 -348.04 -370.79 -0.0 -0.0 <END>
-0.0 -495.0 -495.0 -475.09 -368.02 -343.51 -347.27 -371.7 -0.0 -0.0 <END>
-0.0 -495.0 -495.0 -467.55 -366.38 -341.77 -346.1 -368.97 -0.0 -0.0 <END>
-0.0 -495.0 -495.0 -470.71 -366.29 -341.13 -345.0 -365.01 -0.0 -0.0 <END>
-0.0 -495.0 -495.0 -467.77 -364.48 -339.49 -343.38 -363.43 -0.0 -0.0 <END>
-0.0 -495.0 -495.0 -461.15 -362.3 -338.24 -343.24 -361.05 -0.0 -0.0 <END>
-0.0 -495.0 -495.0 -472.07 -365.05 -338.48 -341.6 -365.98 -0.0 -0.0 <END>
-0.0 -495.0 -495.0 -471.89 -364.45 -338.44 -342.61 -359.21 -0.0 -0.0 <END>
-0.0 -495.0 -495.0 -468.82 -361.25 -336.42 -341.18 -364.87 -0.0 -0.0 <END>
-0.0 -495.0 -495.0 -470.75 -363.25 -336.78 -340.7 -358.65 -0.0 -0.0 <END>
-0.0 -495.0 -495.0 -480.37 -365.99 -337.8 -341.39 -358.88 -0.0 -0.0 <END>
-0.0 -495.0 -495.0 -472.34 -363.23 -336.34 -340.21 -356.18 -0.0 -0.0 <END>
-0.0 -495.0 -495.0 -476.24 -364.22 -336.51 -339.85 -353.31 -0.0 -0.0 <END>
-0.0 -495.0 -495.0 -478.27 -363.91 -335.0 -338.76 -363.06 -0.0 -0.0 <END>
-0.0 -495.0 -495.0 -472.61 -359.65 -332.85 -337.09 -360.49 -0.0 -0.0 <END>
-0.0 -495.0 -495.0 -464.02 -357.84 -331.45 -335.51 -353.49 -0.0 -0.0 <END>
-0.0 -495.0 -495.0 -465.28 -357.92 -330.75 -334.34 -355.81 -0.0 -0.0 <END>
-0.0 -495.0 -495.0 -467.11 -357.53 -330.32 -333.99 -351.17 -0.0 -0.0 <END>
-0.0 -495.0 -495.0 -479.26 -361.87 -332.16 -334.59 -356.63 -0.0 -0.0 <END>
-0.0 -495.0 -495.0 -464.18 -355.71 -328.04 -332.32 -345.78 -0.0 -0.0 <END>
-0.0 -495.0 -495.0 -478.05 -360.41 -330.07 -332.56 -346.19 -0.0 -0.0 <END>
-0.0 -495.0 -495.0 -463.22 -353.47 -327.42 -329.86 -348.99 -0.0 -0.0 <END>
-0.0 -495.0 -495.0 -465.24 -354.37 -326.06 -329.88 -346.34 -0.0 -0.0 <END>
-0.0 -495.0 -495.0 -467.83 -355.21 -326.45 -330.02 -343.61 -0.0 -0.0 <END>
-0.0 -495.0 -495.0 -475.39 -357.34 -326.27 -329.5 -348.21 -0.0 -0.0 <END>
-0.0 -495.0 -495.0 -475.75 -356.81 -325.36 -328.68 -351.28 -0.0 -0.0 <END>
-0.0 -495.0 -495.0 -464.51 -351.25 -323.75 -327.52 -346.47 -0.0 -0.0 <END>
-0.0 -495.0 -495.0 -467.22 -352.63 -322.62 -325.31 -345.82 -0.0 -0.0 <END>
-0.0 -495.0 -495.0 -463.74 -351.2 -321.85 -325.16 -341.54 -0.0 -0.0 <END>
-0.0 -495.0 -495.0 -480.7 -356.86 -323.9 -325.14 -344.27 -0.0 -0.0 <END>
-0.0 -495.0 -495.0 -459.62 -348.62 -320.24 -323.17 -340.84 -0.0 -0.0 <END>
-0.0 -495.0 -495.0 -474.6 -353.52 -322.11 -323.49 -341.13 -0.0 -0.0 <END>
-0.0 -495.0 -495.0 -473.23 -352.8 -321.22 -322.87 -342.88 -0.0 -0.0 <END>
-0.0 -495.0 -495.0 -475.25 -352.53 -319.9 -321.02 -342.01 -0.0 -0.0 <END>
-0.0 -495.0 -495.0 -471.88 -350.66 -318.26 -319.99 -337.3 -0.0 -0.0 <END>
-0.0 -495.0 -495.0 -465.95 -346.17 -316.05 -318.32 -331.94 -0.0 -0.0 <END>
-0.0 -495.0 -495.0 -465.33 -347.57 -316.0 -317.62 -329.37 -0.0 -0.0 <END>
-0.0 -495.0 -495.0 -463.71 -346.55 -314.86 -317.11 -339.22 -0.0 -0.0 <END>
-0.0 -495.0 -495.0 -460.98 -345.15 -314.67 -317.18 -329.89 -0.0 -0.0 <END>
-0.0 -495.0 -495.0 -466.38 -346.53 -313.92 -315.2 -335.23 -0.0 -0.0 <END>
-0.0 -495.0 -495.0 -462.69 -345.07 -313.48 -314.64 -329.23 -0.0 -0.0 <END>
-0.0 -495.0 -495.0 -481.51 -351.21 -315.96 -314.52 -328.25 -107.27 -0.0 <END>
-0.0 -495.0 -495.0 -468.42 -345.64 -312.28 -312.88 -328.0 -0.0 -0.0 <END>
-0.0 -495.0 -495.0 -477.37 -348.51 -313.55 -312.91 -326.88 -0.0 -0.0 <END>
-0.0 -495.0 -495.0 -474.41 -346.85 -312.82 -311.85 -326.39 -0.0 -0.0 <END>
-0.0 -495.0 -495.0 -461.68 -342.59 -310.1 -310.61 -326.32 -0.0 -0.0 <END>
-0.0 -495.0 -495.0 -459.5 -340.8 -308.74 -309.09 -321.95 -0.0 -0.0 <END>
-0.0 -495.0 -495.0 -465.31 -342.73 -309.67 -309.43 -322.82 -0.0 -0.0 <END>
-0.0 -495.0 -495.0 -471.48 -344.33 -309.42 -308.51 -317.61 -101.66 -0.0 <END>
-0.0 -495.0 -495.0 -462.01 -340.66 -307.36 -308.84 -326.89 -0.0 -0.0 <END>
-0.0 -495.0 -495.0 -460.49 -339.25 -305.57 -306.32 -325.62 -0.0 -0.0 <END>
-0.0 -495.0 -495.0 -467.65 -341.04 -306.44 -304.92 -316.03 -40.26 -0.0 <END>
-0.0 -495.0 -495.0 -470.77 -342.84 -307.63 -306.62 -315.89 -38.24 -0.0 <END>
-0.0 -495.0 -495.0 -461.52 -338.32 -304.8 -304.21 -312.8 -39.79 -0.0 <END>
-0.0 -495.0 -495.0 -467.62 -340.41 -305.61 -304.73 -316.62 -39.29 -0.0 <END>
-0.0 -495.0 -495.0 -467.64 -338.38 -304.36 -303.62 -317.22 -35.71 -0.0 <END>
-0.0 -495.0 -495.0 -457.56 -335.86 -302.12 -301.63 -313.28 -40.52 -0.0 <END>
-0.0 -495.0 -495.0 -466.99 -338.84 -302.67 -300.92 -315.0 -42.0 -0.0 <END>
-0.0 -495.0 -495.0 -478.29 -340.39 -302.88 -300.97 -313.08 -157.51 -0.0 <END>
-0.0 -495.0 -495.0 -467.48 -338.27 -301.81 -299.94 -312.28 -153.1 -0.0 <END>
-0.0 -495.0 -495.0 -464.38 -334.83 -300.56 -299.72 -312.78 -0.0 -0.0 <END>
-0.0 -495.0 -495.0 -459.12 -333.87 -298.88 -297.43 -305.42 -149.02 -0.0 <END>
-0.0 -495.0 -495.0 -464.36 -335.25 -299.03 -296.63 -307.91 -90.93 -0.0 <END>
-0.0 -495.0 -495.0 -469.66 -337.59 -300.49 -297.75 -308.72 -210.83 -0.0 <END>
-0.0 -495.0 -495.0 -462.33 -333.99 -298.09 -295.43 -303.72 -152.56 -0.0 <END>
-0.0 -495.0 -495.0 -472.04 -335.53 -298.67 -296.23 -306.3 -149.53 -0.0 <END>
-0.0 -495.0 -495.0 -462.92 -333.4 -296.99 -294.9 -307.94 -31.82 -0.0 <END>
-0.0 -495.0 -495.0 -453.9 -329.83 -294.93 -293.66 -307.01 -92.72 -0.0 <END>
-0.0 -495.0 -495.0 -472.58 -334.15 -295.98 -293.05 -306.27 -152.37 -0.0 <END>
-0.0 -495.0 -495.0 -465.57 -333.33 -295.17 -293.16 -306.72 -149.76 -0.0 <END>
-0.0 -495.0 -495.0 -475.36 -336.33 -296.02 -291.35 -305.05 -329.26 -0.0 <END>
-0.0 -495.0 -495.0 -469.54 -333.75 -294.22 -290.26 -305.56 -324.01 -0.0 <END>
-0.0 -495.0 -495.0 -459.6 -329.88 -291.96 -289.96 -300.82 -143.05 -0.0 <END>
-0.0 -495.0 -495.0 -458.46 -328.96 -291.92 -289.12 -303.18 -82.12 -0.0 <END>
-0.0 -495.0 -495.0 -476.76 -335.66 -294.13 -288.77 -300.55 -327.9 -0.0 <END>
-0.0 -495.0 -495.0 -454.03 -326.85 -290.33 -287.57 -299.71 -199.46 -0.0 <END>
-0.0 -495.0 -495.0 -468.62 -331.63 -292.12 -287.89 -302.3 -320.76 -0.0 <END>
-0.0 -495.0 -495.0 -461.2 -328.49 -290.16 -285.96 -297.26 -322.7 -0.0 <END>
-0.0 -495.0 -495.0 -461.61 -328.5 -289.42 -285.27 -297.29 -263.49 -0.0 <END>
-0.0 -495.0 -495.0 -475.83 -331.05 -290.05 -285.86 -297.29 -324.85 -0.0 <END>
-0.0 -495.0 -495.0 -477.75 -333.77 -290.81 -284.2 -293.39 -317.36 -0.0 <END>
-0.0 -495.0 -495.0 -467.27 -329.27 -288.76 -283.51 -294.59 -320.07 -0.0 <END>
-0.0 -495.0 -495.0 -464.78 -327.93 -287.55 -282.66 -297.92 -321.13 -0.0 <END>
-0.0 -495.0 -495.0 -460.53 -325.52 -285.73 -281.3 -294.61 -319.2 -0.0 <END>
-0.0 -495.0 -495.0 -459.62 -323.2 -284.25 -280.44 -289.02 -251.36 -0.0 <END>
-0.0 -495.0 -495.0 -460.54 -324.99 -284.55 -279.67 -290.5 -312.68 -0.0 <END>
-0.0 -495.0 -495.0 -469.3 -328.24 -286.14 -279.92 -292.0 -313.68 -0.0 <END>
-0.0 -495.0 -495.0 -460.28 -324.37 -283.3 -278.01 -289.48 -315.96 -0.0 <END>
-0.0 -495.0 -495.0 -474.85 -329.28 -284.88 -278.09 -289.69 -311.8 -0.0 <END>
-0.0 -495.0 -495.0 -466.76 -326.19 -283.71 -277.21 -290.66 -311.16 -0.0 <END>
-0.0 -495.0 -495.0 -462.48 -324.27 -281.83 -275.69 -285.72 -312.45 -0.0 <END>
-0.0 -495.0 -495.0 -464.96 -324.86 -282.43 -276.22 -287.88 -314.53 -0.0 <END>
-0.0 -495.0 -495.0 -463.03 -323.85 -281.63 -275.09 -285.94 -310.57 -0.0 <END>
-0.0 -495.0 -495.0 -458.78 -321.47 -280.4 -274.55 -285.33 -313.09 -0.0 <END>
-0.0 -495.0 -495.0 -461.12 -321.85 -280.15 -273.94 -285.18 -311.56 -0.0 <END>
-0.0 -495.0 -495.0 -460.09 -321.28 -279.02 -272.29 -284.09 -305.38 -0.0 <END>
-0.0 -495.0 -495.0 -460.95 -321.39 -278.34 -271.37 -284.62 -301.6 -0.0 <END>
-0.0 -495.0 -495.0 -473.78 -325.75 -280.09 -271.71 -282.92 -306.21 -0.0 <END>
-0.0 -495.0 -495.0 -461.73 -321.13 -277.79 -270.44 -278.41 -303.51 -0.0 <END>
-0.0 -495.0 -495.0 -460.84 -320.23 -277.27 -270.16 -284.21 -302.17 -0.0 <END>
-0.0 -495.0 -495.0 -471.58 -323.85 -277.99 -269.76 -281.22 -290.85 -0.0 <END>
-0.0 -495.0 -495.0 -467.28 -322.28 -277.74 -269.92 -281.09 -294.3 -0.0 <END>
-0.0 -495.0 -495.0 -468.84 -322.41 -276.96 -269.53 -278.77 -301.18 -0.0 <END>
-0.0 -495.0 -495.0 -465.03 -321.02 -276.28 -268.28 -279.98 -297.11 -0.0 <END>
-0.0 -495.0 -495.0 -462.81 -319.36 -275.07 -267.0 -278.37 -300.06 -0.0 <END>
-0.0 -495.0 -495.0 -455.19 -316.02 -273.3 -265.59 -276.29 -299.81 -0.0 <END>
-0.0 -495.0 -495.0 -462.75 -318.75 -273.6 -264.78 -274.46 -294.54 -0.0 <END>
-0.0 -495.0 -495.0 -456.82 -315.92 -271.9 -263.88 -275.6 -293.04 -0.0 <END>
-0.0 -495.0 -495.0 -466.64 -319.0 -273.04 -264.07 -273.7 -296.7 -0.0 <END>
-0.0 -495.0 -495.0 -458.79 -315.77 -270.72 -262.54 -272.72 -284.89 -0.0 <END>
-0.0 -495.0 -495.0 -464.31 -317.8 -272.36 -263.13 -275.6 -297.37 -0.0 <END>
-0.0 -495.0 -495.0 -462.1 -316.58 -270.53 -261.38 -269.11 -285.1 -0.0 <END>
-0.0 -495.0 -495.0 -457.69 -314.67 -268.99 -260.99 -273.84 -286.73 -0.0 <END>
-0.0 -495.0 -495.0 -468.69 -318.79 -271.04 -260.88 -272.2 -284.98 -0.0 <END>
-0.0 -495.0 -495.0 -466.76 -317.26 -269.07 -259.82 -273.08 -289.19 -0.0 <END>
-0.0 -495.0 -495.0 -463.78 -316.19 -268.96 -259.32 -270.29 -286.87 -0.0 <END>
-0.0 -495.0 -495.0 -457.62 -313.46 -267.64 -258.37 -269.66 -288.74 -0.0 <END>
-0.0 -495.0 -495.0 -456.27 -312.57 -267.12 -257.74 -269.18 -288.27 -0.0 <END>
-0.0 -495.0 -495.0 -458.42 -313.54 -267.15 -256.97 -267.33 -279.96 -0.0 <END>
-0.0 -495.0 -495.0 -473.04 -318.72 -268.92 -257.54 -265.67 -279.79 -0.0 <END>
-0.0 -495.0 -495.0 -458.05 -312.3 -265.2 -255.3 -264.81 -277.05 -0.0 <END>
-0.0 -495.0 -495.0 -468.47 -316.2 -266.6 -255.57 -261.06 -281.76 -0.0 <END>
-0.0 -495.0 -495.0 -460.17 -312.12 -265.09 -254.78 -263.58 -284.18 -0.0 <END>
-0.0 -495.0 -495.0 -459.65 -311.87 -264.32 -253.56 -261.73 -274.23 -0.0 <END>
-0.0 -495.0 -495.0 -458.82 -311.51 -263.53 -252.62 -263.43 -279.09 -0.0 <END>
-0.0 -495.0 -495.0 -458.21 -310.82 -263.39 -252.95 -265.03 -279.29 -0.0 <END>
-0.0 -495.0 -495.0 -458.91 -311.05 -262.85 -251.96 -262.21 -276.37 -0.0 <END>
-0.0 -495.0 -495.0 -458.64 -310.66 -262.42 -251.5 -260.64 -275.23 -0.0 <END>
-0.0 -495.0 -495.0 -448.57 -306.14 -260.41 -250.41 -256.47 -271.33 -0.0 <END>
-0.0 -495.0 -495.0 -453.12 -307.54 -260.17 -249.36 -255.89 -276.34 -0.0 <END>
-0.0 -495.0 -495.0 -464.48 -312.02 -261.82 -250.0 -259.85 -276.96 -0.0 <END>
-0.0 -495.0 -495.0 -456.32 -308.31 -259.21 -248.71 -255.14 -269.44 -0.0 <END>
-0.0 -495.0 -495.0 -459.02 -309.94 -259.48 -247.56 -253.44 -269.87 -0.0 <END>
-0.0 -495.0 -495.0 -464.93 -312.72 -260.41 -247.98 -252.99 -270.64 -0.0 <END>
-0.0 -495.0 -495.0 -468.61 -314.68 -260.37 -247.54 -252.29 -271.26 -0.0 <END>
-0.0 -495.0 -495.0 -466.68 -313.57 -259.29 -246.32 -251.44 -270.56 -0.0 <END>
-0.0 -495.0 -495.0 -459.43 -305.52 -256.1 -245.41 -253.01 -273.47 -0.0 <END>
-0.0 -495.0 -495.0 -455.9 -306.84 -256.7 -244.9 -251.25 -273.17 -0.0 <END>
-0.0 -495.0 -495.0 -459.66 -309.93 -256.91 -243.99 -249.44 -272.94 -0.0 <END>
-0.0 -495.0 -495.0 -466.06 -313.9 -257.99 -244.4 -250.18 -267.88 -0.0 <END>
-0.0 -495.0 -495.0 -461.17 -310.46 -256.28 -243.02 -249.14 -268.55 -0.0 <END>
