0.00013 2.02293 2.0501 1.62753 0.99539 0.60935 0.37356 0.12669 0.06605 0.01433 <END>
0.00853 1.83612 2.05435 1.65453 1.00848 0.63255 0.33567 0.1136 0.01996 0.00504 <END>
0.0006 1.76887 2.04723 1.7158 1.04177 0.64009 0.29332 0.15321 0.03262 0.01211 <END>
0.00343 1.87137 2.0465 1.65294 1.01136 0.65778 0.27862 0.11366 0.01933 0.0083 <END>
0.00488 1.76815 2.0422 1.71657 1.04566 0.6494 0.31286 0.11763 0.03864 0.00706 <END>
0.00557 1.89856 2.05709 1.66785 1.02073 0.63004 0.36569 0.10196 0.02838 0.00678 <END>
0.00671 1.73042 2.05616 1.73906 1.06665 0.65679 0.26697 0.0446 0.01809 0.00697 <END>
0.00165 1.88007 2.04959 1.7299 1.05902 0.6677 0.28374 0.10712 0.02711 0.00741 <END>
0.00905 1.76826 2.04777 1.74581 1.06747 0.65883 0.26317 0.10352 0.02116 0.01744 0.00825 <END>
0.00437 2.03697 2.03029 1.71246 1.03028 0.64295 0.31377 0.12004 0.04175 0.02162 <END>
0.01514 1.64166 2.03803 1.81179 1.10751 0.67453 0.23629 0.12621 0.04108 0.01572 <END>
0.01642 1.74556 2.05126 1.74391 1.04914 0.66848 0.29227 0.11307 0.04037 0.00111 <END>
0.0073 1.88209 2.04732 1.69516 1.04414 0.64576 0.22445 0.09784 0.01087 0.00362 <END>
0.00082 1.83913 2.05158 1.72351 1.03648 0.65246 0.25993 0.07187 0.01534 0.0015 <END>
0.0026 1.73993 2.03271 1.78968 1.08292 0.66936 0.25021 0.14651 0.0514 0.00826 <END>
0.00368 1.89209 2.06012 1.70878 1.05084 0.6639 0.23596 0.08533 0.01755 0.01184 <END>
0.00483 1.83659 2.05661 1.77027 1.06202 0.66521 0.19641 0.09181 0.02743 0.01854 <END>
0.01452 1.81901 2.05405 1.73206 1.08143 0.67526 0.21961 0.08432 0.01146 0.00991 <END>
0.00387 1.77182 2.04786 1.7452 1.06264 0.65882 0.27783 0.08537 0.0184 0.00092 <END>
0.00104 1.80405 2.05156 1.78381 1.08521 0.68422 0.21236 0.04554 0.02267 0.0064 <END>
0.00323 1.83311 2.03743 1.7591 1.07829 0.67845 0.25793 0.10672 0.0339 0.00614 <END>
0.00654 1.71094 2.04284 1.80846 1.11256 0.68498 0.24608 0.31862 0.01139 0.01261 <END>
0.00822 1.83397 2.04774 1.76622 1.08479 0.67063 0.25079 0.11007 0.02102 0.00201 <END>
0.00227 1.72719 2.05378 1.80965 1.09532 0.68806 0.23494 0.09931 0.03524 0.02312 <END>
0.00972 1.82305 2.048 1.77257 1.07645 0.67808 0.2416 0.27898 0.08467 0.0126 <END>
0.01053 1.82481 2.04313 1.7809 1.08861 0.6883 0.21385 0.11904 0.04807 0.0052 <END>
0.00669 1.82749 2.04172 1.81226 1.09162 0.69008 0.24264 0.27003 0.05588 0.01331 <END>
0.00914 1.80179 2.04619 1.80475 1.10478 0.69041 0.22744 0.25972 0.06388 0.03583 <END>
0.01124 1.6917 2.04491 1.84579 1.13415 0.71615 0.35841 0.33995 0.05016 0.01313 <END>
0.01002 1.81572 2.04214 1.79786 1.10295 0.68362 0.23571 0.26488 0.04432 0.02088 <END>
0.00308 1.67166 2.04157 1.86628 1.13982 0.72611 0.46393 0.34113 0.02178 0.00613 <END>
0.00354 1.72324 2.04722 1.86596 1.13383 0.70834 0.3472 0.34567 0.00889 0.02142 <END>
0.00839 1.75589 2.04874 1.85308 1.13207 0.71656 0.23531 0.33657 0.03563 0.02353 <END>
0.00151 1.81608 2.04926 1.8575 1.13652 0.70612 0.35326 0.34268 0.02137 0.01927 <END>
0.00565 1.86602 2.04486 1.81601 1.11874 0.70825 0.23793 0.33674 0.01166 0.01421 <END>
0.00357 1.95133 2.03669 1.80064 1.11082 0.69945 0.24561 0.27926 0.03265 0.02272 <END>
0.01238 1.86771 2.05693 1.82938 1.11706 0.70237 0.34803 0.34148 0.03623 0.02687 <END>
0.01324 1.85184 2.04521 1.85443 1.14022 0.70607 0.47664 0.33652 0.03728 0.009 <END>
0.00314 1.87607 2.03093 1.86704 1.13788 0.71213 0.47616 0.33618 0.07094 0.00486 <END>
0.00997 1.83114 2.04529 1.85582 1.14122 0.71672 0.35983 0.33256 0.00726 0.01854 <END>
0.00698 1.73596 2.05328 1.90585 1.15964 0.71737 0.48996 0.33979 0.06751 0.0106 <END>
0.01227 1.79477 2.05209 1.90268 1.15582 0.72888 0.48439 0.3512 0.08399 0.0319 <END>
0.00372 1.79954 2.04635 1.88438 1.15659 0.71676 0.48368 0.34032 0.04136 0.05492 <END>
0.0311 1.73409 2.05434 1.91882 1.16308 0.73687 0.48772 0.26088 0.0457 0.05068 <END>
0.03416 1.81124 2.04656 1.89239 1.16879 0.71974 0.4738 0.34906 0.05498 0.0141 <END>
0.01409 1.82851 2.0403 1.89402 1.1561 0.70165 0.47522 0.34591 0.02275 0.02817 <END>
0.01609 1.80464 2.03438 1.90986 1.17014 0.72977 0.4966 0.33427 0.04864 0.01664 <END>
0.00243 1.78748 2.04442 1.93214 1.1851 0.73852 0.47494 0.35151 0.05962 0.01435 <END>
0.0042 1.86528 2.05664 1.90323 1.15835 0.72271 0.47362 0.33154 0.08712 0.00829 <END>
0.01049 1.70118 2.0346 1.98978 1.19658 0.75001 0.4852 0.2891 0.04351 0.03094 <END>
0.0173 1.73378 2.03241 1.94594 1.1996 0.74934 0.48462 0.3264 0.04286 0.01931 <END>
0.00556 1.74033 2.02865 2.03017 1.19473 0.7518 0.50195 0.30379 0.07919 0.01671 <END>
0.003 1.84018 2.05156 1.93656 1.1745 0.74261 0.47988 0.34201 0.07516 0.02576 <END>
0.02218 1.83009 2.04466 1.95416 1.19006 0.74717 0.49446 0.31118 0.02804 0.00871 <END>
0.00521 1.93843 2.04136 1.93854 1.18694 0.73911 0.49576 0.28696 0.05337 0.0224 <END>
0.02181 1.91327 2.03604 1.95672 1.18775 0.7289 0.48593 0.34564 0.07757 0.00585 <END>
0.01432 1.73684 2.0407 2.00646 1.22373 0.76051 0.51432 0.25596 0.02776 0.03141 <END>
0.01639 1.73336 2.0328 2.01446 1.22149 0.75029 0.50294 0.27958 0.02463 0.0503 <END>
0.02796 1.76827 2.04328 2.00563 1.21641 0.77258 0.50083 0.22277 0.03422 0.00648 <END>
0.00469 1.8694 2.04532 1.96979 1.19729 0.75268 0.49531 0.27062 0.00645 0.00144 <END>
0.00193 1.71435 2.02844 2.04363 1.24093 0.76977 0.51292 0.17997 0.07689 0.01208 <END>
0.01698 1.86403 2.04249 1.96229 1.20379 0.74459 0.49702 0.23806 0.02613 0.0046 <END>
0.00237 1.80812 2.0536 2.03452 1.21653 0.74649 0.48309 0.35981 0.03596 0.01755 <END>
0.00721 1.83997 2.05216 2.0141 1.23038 0.7742 0.51637 0.20305 0.01954 0.02121 <END>
0.01492 1.82557 2.0292 2.00564 1.22373 0.77009 0.49532 0.31087 0.01968 0.01155 <END>
0.00318 1.87669 2.02361 2.01261 1.21879 0.76163 0.49609 0.34807 0.0527 0.00805 <END>
0.01989 1.89608 2.04197 2.00847 1.22915 0.76612 0.51413 0.20434 0.04785 0.01205 <END>
0.00771 1.78669 2.03812 2.03037 1.24187 0.77268 0.51601 0.20339 0.10251 0.03979 <END>
0.02104 1.918 2.04534 2.03052 1.23448 0.7687 0.50675 0.17032 0.07773 0.01606 <END>
0.00214 1.82914 2.03865 2.04665 1.23487 0.78525 0.52163 0.13338 0.01122 0.00733 <END>
0.00341 1.77779 2.04914 2.03325 1.25417 0.78272 0.52917 0.1648 0.02852 0.01941 <END>
0.00239 1.87728 2.04099 2.032 1.23417 0.78406 0.52362 0.17124 0.02218 0.00498 <END>
0.00378 1.79054 2.04664 2.04284 1.26365 0.79685 0.51557 0.17785 0.01696 0.03536 <END>
0.0162 2.06414 2.02856 1.99456 1.21267 0.75502 0.5018 0.24617 0.04945 0.01036 <END>
0.00595 1.72344 2.03207 2.04581 1.27956 0.80198 0.48431 0.16266 0.0082 0.00673 <END>
0.00394 1.90553 2.04397 2.02432 1.27055 0.79604 0.46698 0.14072 0.011 0.00896 <END>
0.0042 1.79649 2.04521 2.03509 1.27895 0.79841 0.52099 0.20054 0.02114 0.05243 <END>
0.01986 1.9122 2.04763 2.04633 1.25819 0.78657 0.52158 0.13856 0.0325 0.00645 <END>
0.01072 1.79391 2.04675 2.04152 1.2726 0.80093 0.44534 0.10344 0.04727 0.05071 <END>
0.03195 1.72232 2.03943 2.04172 1.29337 0.8155 0.38843 0.13714 0.05692 0.01143 <END>
0.00546 1.87743 2.04201 2.03184 1.24121 0.77269 0.5101 0.21407 0.05805 0.01571 <END>
0.02045 1.87594 2.03896 2.04728 1.2728 0.79858 0.48589 0.13503 0.02005 0.01083 <END>
0.00607 1.85583 2.04469 2.03606 1.274 0.79721 0.49814 0.17675 0.03305 0.00464 <END>
0.00211 1.85405 2.0433 2.03707 1.29066 0.82484 0.4594 0.11928 0.11178 0.03261 <END>
0.02565 1.86658 2.03895 2.04759 1.26297 0.78653 0.49887 0.17545 0.04714 0.00664 <END>
0.01288 1.80518 2.04637 2.03337 1.30913 0.81266 0.41237 0.16672 0.04989 0.00279 <END>
0.0038 1.89842 2.04123 2.02654 1.27872 0.80444 0.49355 0.15232 0.0058 0.0017 <END>
0.00107 1.74732 2.05513 2.05635 1.3102 0.8292 0.38955 0.1499 0.04002 0.01767 <END>
0.00898 1.71115 2.03302 2.03265 1.34074 0.84573 0.39932 0.13389 0.02382 0.05783 <END>
0.02487 1.65614 2.03641 2.03627 1.34596 0.84744 0.35488 0.39095 0.03786 0.00155 <END>
0.00638 1.88029 2.04141 2.03386 1.32512 0.82906 0.35664 0.14408 0.06603 0.03665 <END>
0.00446 1.77942 2.05563 2.04631 1.30292 0.83417 0.38941 0.13998 0.04753 0.02103 <END>
0.00976 1.82884 2.04139 2.03599 1.31416 0.83349 0.36605 0.28782 0.03889 0.01387 <END>
0.00545 1.88979 2.0374 2.02986 1.30235 0.79656 0.51036 0.15094 0.06858 0.06835 <END>
0.00851 1.71403 2.04054 2.01875 1.36773 0.85054 0.35132 0.26837 0.03224 0.04744 <END>
0.00179 1.85956 2.04037 2.02983 1.3279 0.84022 0.38532 0.13666 0.07926 0.04582 <END>
0.01503 1.82605 2.0309 2.04524 1.335 0.83757 0.37807 0.14036 0.05712 0.0277 <END>
0.00299 1.77174 2.05031 2.03945 1.35155 0.84846 0.34475 0.38094 0.02522 0.00874 <END>
0.00424 1.87108 2.05226 2.03811 1.34957 0.84771 0.36082 0.37621 0.06111 0.00834 <END>
0.01712 1.88669 2.04453 2.0293 1.3306 0.8426 0.33869 0.38725 0.02532 0.03631 <END>
0.01125 1.92637 2.03891 2.02637 1.33467 0.83166 0.37101 0.13822 0.06545 0.01791 <END>
0.00832 1.79307 2.04672 2.03792 1.36229 0.86568 0.34427 0.38405 0.06944 0.00587 <END>
0.01212 1.79691 2.03937 2.02425 1.3543 0.84549 0.35391 0.26454 0.02267 0.0066 <END>
0.00365 1.87441 2.03217 2.03373 1.35046 0.85375 0.31612 0.38557 0.08161 0.02358 <END>
0.01964 1.7914 2.02923 2.03449 1.3508 0.85177 0.33253 0.39362 0.05486 0.01036 <END>
0.00416 1.86948 2.05446 2.04033 1.36962 0.85085 0.32607 0.38503 0.01906 0.03975 <END>
0.00403 2.09057 2.04193 2.03578 1.32678 0.84919 0.34073 0.37851 0.05407 0.01326 <END>
0.00216 1.73551 2.04091 2.04644 1.40278 0.88199 0.33135 0.39042 0.07858 0.03174 <END>
0.01941 1.8756 2.04717 2.02997 1.36411 0.86342 0.36168 0.38501 0.01809 0.03908 <END>
0.02059 1.81335 2.03772 2.02718 1.39028 0.88128 0.32988 0.40835 0.10707 0.052 <END>
0.01963 1.6914 2.03848 2.03255 1.41004 0.89568 0.3271 0.39483 0.12074 0.05876 <END>
0.02852 1.89025 2.03974 2.03319 1.3742 0.87342 0.45285 0.39654 0.04794 0.0053 <END>
0.00556 1.83939 2.03703 2.04336 1.38946 0.87441 0.34604 0.40073 0.08589 0.03737 <END>
0.01043 1.82603 2.04327 2.02472 1.39859 0.8864 0.34623 0.41334 0.08988 0.04945 <END>
0.02664 1.82139 2.04684 2.0315 1.40349 0.8838 0.33492 0.39752 0.0423 0.02007 <END>
0.00773 1.79129 2.04105 2.03802 1.41128 0.89409 0.33046 0.39069 0.09654 0.04144 <END>
0.02747 1.84722 2.04478 2.03149 1.38851 0.87726 0.32984 0.39633 0.04541 0.01406 <END>
0.00942 1.94366 2.0508 2.02342 1.4038 0.88419 0.32868 0.38545 0.05744 0.00995 <END>
0.0003 1.91164 2.04085 2.04188 1.41705 0.89418 0.34758 0.41632 0.06825 0.03414 <END>
0.03296 1.80315 2.02352 2.03805 1.42464 0.90047 0.57118 0.40808 0.06229 0.01398 <END>
0.00156 1.7105 2.04918 2.03105 1.41246 0.88712 0.34437 0.39328 0.07696 0.00811 <END>
0.00352 1.76676 2.03785 2.0516 1.45428 0.91697 0.5809 0.41103 0.07836 0.01813 <END>
0.00676 1.84187 2.04454 2.03565 1.43226 0.91445 0.58164 0.41588 0.04632 0.00643 <END>
0.01118 1.8573 2.0468 2.03495 1.42696 0.90228 0.44512 0.40068 0.04768 0.02313 <END>
0.00975 1.84257 2.04374 2.03644 1.42982 0.90984 0.57304 0.41193 0.05743 0.01691 <END>
0.00838 1.92126 2.04887 2.03148 1.42019 0.88159 0.3335 0.38134 0.05367 0.03021 <END>
0.0033 1.85893 2.02058 2.03538 1.41563 0.89732 0.58465 0.41799 0.0364 0.02503 <END>
0.00472 1.95786 2.04426 2.02686 1.42318 0.89759 0.45547 0.41771 0.04954 0.01345 <END>
0.00856 1.7854 2.02595 2.04045 1.46801 0.93057 0.59309 0.41937 0.07253 0.00226 <END>
0.00228 1.73512 2.02428 2.03173 1.47367 0.92559 0.58036 0.42162 0.10353 0.02065 <END>
0.00873 1.85664 2.03741 2.03076 1.4615 0.92238 0.5892 0.42305 0.17254 0.03381 <END>
0.03248 1.74254 2.03675 2.04502 1.48209 0.95184 0.5934 0.40617 0.09043 0.00558 <END>
0.01356 1.80306 2.03031 2.03349 1.46104 0.93474 0.60356 0.39043 0.06853 0.03102 <END>
0.00942 1.883 2.04078 2.03398 1.46339 0.90452 0.58155 0.40942 0.05374 0.00983 <END>
0.00071 1.78533 2.05256 2.03936 1.50605 0.95512 0.61611 0.36836 0.0876 0.02338 <END>
0.00364 1.73993 2.04981 2.03609 1.50957 0.9455 0.60802 0.42546 0.06175 0.01433 <END>
0.00273 1.81927 2.04673 2.03901 1.49142 0.94696 0.61012 0.43367 0.08336 0.03177 <END>
0.0175 1.94422 2.04533 2.03308 1.45668 0.93615 0.59228 0.42705 0.07066 0.01902 <END>
0.00168 1.92566 2.04938 2.03109 1.48307 0.92789 0.59568 0.40659 0.06197 0.04173 <END>
0.0174 1.97295 2.0336 2.01712 1.46635 0.93178 0.60212 0.42854 0.04835 0.0023 <END>
0.00908 1.86146 2.03863 2.03037 1.50946 0.94975 0.61977 0.41736 0.11201 0.0473 <END>
0.02566 1.87266 2.04639 2.03657 1.5046 0.9588 0.61129 0.40167 0.14222 0.02597 <END>
0.01945 1.76199 2.02637 2.04357 1.54385 0.96818 0.62049 0.41045 0.04126 0.0547 <END>
0.01865 1.78488 2.05088 2.03673 1.53097 0.96663 0.6207 0.34763 0.09278 0.02642 <END>
0.0191 1.66453 2.03908 2.04539 1.54687 0.97786 0.60917 0.35906 0.09994 0.00922 <END>
0.0017 1.88025 2.04972 2.02949 1.5138 0.96299 0.61612 0.30447 0.06998 0.0073 <END>
0.01154 1.88079 2.02854 2.02406 1.52253 0.97448 0.62209 0.27983 0.08071 0.00509 <END>
0.01322 1.83645 2.03073 2.04147 1.52928 0.96519 0.6312 0.35929 0.10697 0.03474 <END>
0.02719 1.74921 2.04869 2.03136 1.54461 0.98599 0.63461 0.29026 0.08298 0.01277 <END>
0.00976 1.99508 2.04497 2.02623 1.49902 0.95465 0.6032 0.39677 0.07395 0.00665 <END>
0.01319 1.85672 2.06107 2.03764 1.53588 0.97612 0.62833 0.31368 0.15231 0.02198 <END>
0.02013 1.72482 2.03882 2.04326 1.56905 0.99834 0.62744 0.25456 0.03899 0.01063 <END>
0.01014 1.82637 2.04039 2.02692 1.5588 0.98846 0.64289 0.28161 0.19235 0.05424 <END>
0.00743 1.85673 2.04465 2.03489 1.54799 0.99185 0.62725 0.27092 0.13692 0.04841 <END>
0.02898 1.75738 2.04769 2.04311 1.56123 0.99734 0.64072 0.26242 0.10634 0.01666 <END>
0.00534 1.87212 2.03732 2.03545 1.54024 0.97996 0.64416 0.2739 0.10849 0.02912 <END>
0.02465 1.95158 2.05336 2.03536 1.54107 0.97261 0.63214 0.24044 0.10431 0.02764 <END>
0.01008 1.80174 2.03667 2.02911 1.58128 0.99939 0.64322 0.24388 0.06458 0.00963 <END>
0.00198 1.91054 2.0545 2.03773 1.54538 0.99344 0.62305 0.37241 0.08746 0.02161 <END>
0.00894 1.86354 2.0309 2.03675 1.58291 1.0027 0.63901 0.3003 0.19033 0.0559 <END>
0.00844 1.87579 2.04076 2.03125 1.57399 1.0018 0.63783 0.27759 0.17025 0.04352 <END>
0.01422 1.79976 2.03696 2.03229 1.58164 0.99598 0.6301 0.31687 0.14741 0.01766 <END>
0.01139 1.86368 2.05707 2.04161 1.58048 1.01405 0.64292 0.20741 0.11374 0.0166 <END>
0.00759 1.71427 2.02382 2.03099 1.64383 1.04176 0.66727 0.22687 0.12992 0.01172 <END>
0.03051 1.8825 2.04916 2.03589 1.57926 1.01039 0.6473 0.25803 0.19719 0.06006 <END>
0.03525 1.65076 2.04467 2.03514 1.66118 1.06015 0.67048 0.2314 0.10945 0.00611 <END>
0.00122 1.756 2.03081 2.03859 1.62098 1.03982 0.64929 0.23855 0.11531 0.03492 <END>
0.02162 1.81786 2.03457 2.03177 1.61385 1.03223 0.64994 0.21149 0.043 0.00484 <END>
0.01103 1.93751 2.04226 2.03769 1.59652 1.02224 0.65421 0.20884 0.11093 0.02206 <END>
0.0047 1.84768 2.03617 2.02467 1.63308 1.04398 0.66309 0.22997 0.09906 0.00708 <END>
0.00304 1.86618 2.02687 2.0346 1.63541 1.02666 0.6671 0.22969 0.10471 0.03261 <END>
0.01543 1.93019 2.03534 2.04205 1.62753 1.01913 0.65806 0.2413 0.0579 0.03001 <END>
0.03127 1.95216 2.04011 2.03061 1.60774 1.02429 0.66723 0.22201 0.05921 0.00422 <END>
0.00345 1.83428 2.04488 2.04878 1.64254 1.04433 0.67493 0.22493 0.104 0.01547 <END>
0.01937 1.82387 2.04695 2.04411 1.66215 1.06021 0.68524 0.24294 0.34701 0.05688 <END>
0.01833 1.93082 2.03262 2.03252 1.6313 1.03776 0.66303 0.22705 0.05736 0.01006 <END>
0.00902 1.76587 2.03931 2.04555 1.67921 1.07343 0.68556 0.34076 0.34098 0.03407 <END>
0.0135 1.71696 2.04313 2.03828 1.70073 1.08343 0.69732 0.35114 0.34608 0.01924 <END>
0.01835 1.77289 2.04081 2.04035 1.66289 1.05283 0.67791 0.22133 0.2691 0.03264 <END>
0.01141 1.87859 2.04425 2.05441 1.65781 1.05611 0.67198 0.3457 0.2864 0.01763 <END>
0.00884 1.83081 2.04089 2.03316 1.66353 1.05155 0.67525 0.22449 0.11022 0.01597 <END>
0.0075 1.93624 2.04127 2.03284 1.66072 1.0621 0.67545 0.33609 0.33637 0.02585 <END>
0.01285 1.70359 2.05256 2.03446 1.71502 1.08915 0.69219 0.46761 0.33369 0.01103 <END>
0.00643 1.87116 2.03657 2.04454 1.67854 1.07006 0.68971 0.34891 0.33969 0.06172 <END>
0.02495 1.9091 2.04015 2.03593 1.66456 1.0599 0.68412 0.3437 0.33671 0.02077 <END>
0.00928 1.85771 2.04456 2.0263 1.65204 1.044 0.67187 0.22794 0.08859 0.0465 <END>
0.0141 1.61447 2.03171 2.03877 1.76496 1.11425 0.69819 0.46465 0.34419 0.01134 <END>
0.00629 1.78539 2.03094 2.03569 1.69835 1.07683 0.68616 0.22858 0.32624 0.04032 <END>
0.02085 1.76773 2.03853 2.04031 1.71271 1.1044 0.71171 0.48698 0.35638 0.02687 <END>
0.00907 1.77064 2.05517 2.04469 1.74195 1.10578 0.71643 0.47286 0.35053 0.03889 <END>
0.02207 1.83579 2.0423 2.04202 1.7064 1.07209 0.6827 0.46539 0.35548 0.0039 <END>
0.01986 1.69718 2.0365 2.03089 1.74636 1.10351 0.6958 0.35924 0.34524 0.04334 <END>
0.0175 1.79128 2.05636 2.03783 1.75506 1.12149 0.72102 0.49018 0.35287 0.02844 <END>
0.01109 1.87632 2.03846 2.02518 1.73949 1.11718 0.71492 0.48692 0.32863 0.04366 <END>
0.00607 1.79886 2.04075 2.03755 1.73235 1.10689 0.71439 0.47389 0.34551 0.06868 <END>
0.01594 1.7614 2.02703 2.03174 1.73403 1.10381 0.71788 0.47533 0.34166 0.04356 <END>
0.0296 1.75429 2.04896 2.04693 1.77728 1.12469 0.72069 0.49525 0.32539 0.01883 <END>
0.00787 1.97047 2.03331 2.02568 1.72102 1.1032 0.69849 0.4796 0.35293 0.03944 <END>
0.02317 1.73249 2.04709 2.04952 1.78306 1.15641 0.73214 0.49837 0.23932 0.00883 <END>
0.00542 1.8391 2.05282 2.03495 1.75793 1.12906 0.72468 0.48407 0.35866 0.05585 <END>
0.01441 1.87956 2.04921 2.03059 1.75233 1.13659 0.7198 0.48085 0.35639 0.0607 <END>
0.02769 1.79857 2.03701 2.02425 1.76468 1.1437 0.72946 0.48258 0.36125 0.05365 <END>
0.01746 1.6728 2.03641 2.03542 1.81319 1.16192 0.74898 0.50445 0.25199 0.03059 <END>
0.00416 1.88907 2.03898 2.03778 1.76591 1.12614 0.72305 0.47699 0.26995 0.03661 <END>
0.0079 1.91704 2.02344 2.03764 1.75824 1.11954 0.72512 0.48977 0.29078 0.02835 <END>
0.00722 1.93149 2.05242 2.04439 1.7627 1.13573 0.71994 0.49156 0.34604 0.04256 <END>
0.0036 1.86822 2.03853 2.03296 1.77458 1.13097 0.72567 0.49108 0.31353 0.00537 <END>
0.03158 1.79178 2.04238 2.04828 1.798 1.15575 0.73144 0.50028 0.32183 0.03173 <END>
0.01474 1.88637 2.04229 2.0424 1.80156 1.15479 0.76241 0.50606 0.26248 0.02183 <END>
0.02607 1.82627 2.0299 2.04779 1.81927 1.16499 0.7406 0.48978 0.28585 0.016 <END>
0.03224 1.85403 2.04051 2.04094 1.81469 1.15624 0.7322 0.48923 0.33953 0.03134 <END>
0.01314 1.79447 2.02838 2.04652 1.81003 1.15398 0.75315 0.50923 0.24145 0.059 <END>
0.01269 1.74644 2.03369 2.03682 1.83902 1.18748 0.75599 0.51595 0.21349 0.06049 <END>
0.01908 1.7753 2.01777 2.03554 1.84551 1.19196 0.76139 0.50281 0.21255 0.02208 <END>
0.01452 1.87131 2.0376 2.04705 1.82071 1.163 0.73823 0.51334 0.25214 0.02403 <END>
0.01806 1.95475 2.04862 2.04001 1.8213 1.16329 0.74224 0.51733 0.19798 0.03937 <END>
0.01616 1.86556 2.03461 2.03679 1.83116 1.17809 0.76066 0.50979 0.21329 0.04038 <END>
0.02759 1.92688 2.03666 2.03889 1.81827 1.15282 0.73686 0.49594 0.31451 0.06444 <END>
0.04511 1.85126 2.05829 2.03435 1.83818 1.18516 0.75037 0.52463 0.22077 0.04093 <END>
0.01441 1.9396 2.03857 2.04054 1.84452 1.18533 0.76052 0.52423 0.22048 0.03381 <END>
0.04345 1.84286 2.0479 2.03426 1.81263 1.14452 0.74369 0.50223 0.27106 0.0177 <END>
0.00385 1.81087 2.04779 2.04222 1.87446 1.2056 0.77382 0.51978 0.18132 0.07511 <END>
0.02799 1.72654 2.02042 2.03577 1.88294 1.1883 0.75129 0.50828 0.20858 0.02925 <END>
0.01102 1.79628 2.02633 2.0145 1.88949 1.20699 0.79118 0.49278 0.14001 0.0292 <END>
0.02083 1.9498 2.02832 2.03387 1.87329 1.19092 0.77032 0.48531 0.16405 0.04287 <END>
0.00411 1.77918 2.04748 2.03748 1.93363 1.22878 0.78923 0.49171 0.13982 0.02406 <END>
0.00962 1.89751 2.04449 2.03841 1.87598 1.20439 0.75947 0.48535 0.14236 0.04533 <END>
0.01127 1.85329 2.05133 2.03186 1.8991 1.20869 0.76551 0.52122 0.16234 0.08761 <END>
0.05366 1.83443 2.03158 2.04011 1.89671 1.21609 0.78263 0.46598 0.11965 0.0599 <END>
0.03986 1.81274 2.03429 2.02505 1.94031 1.21504 0.7809 0.45129 0.15177 0.01045 <END>
0.00881 1.74554 2.0424 2.04874 1.9502 1.24428 0.7996 0.37516 0.26855 0.0444 <END>
0.00695 1.78318 2.02368 2.03674 1.9251 1.2343 0.79063 0.37156 0.12322 0.03789 <END>
0.00708 1.83664 2.03876 2.03133 1.94961 1.22678 0.79219 0.37193 0.13686 0.0245 <END>
0.01254 2.0769 2.04774 2.03467 1.85757 1.19877 0.76003 0.49201 0.15939 0.04621 <END>
0.02927 1.84982 2.04602 2.04058 1.94204 1.24837 0.80477 0.407 0.16204 0.0464 <END>
0.01278 1.8543 2.05153 2.04068 1.94114 1.24527 0.8049 0.37572 0.15607 0.06167 <END>
0.01909 1.86959 2.03879 2.03305 1.9465 1.22204 0.7944 0.46474 0.13278 0.04113 <END>
0.00677 1.86976 2.04073 2.04396 1.94946 1.22976 0.79813 0.44733 0.15038 0.02809 <END>
0.01887 1.96937 2.04685 2.03847 1.90513 1.21316 0.78781 0.46649 0.13986 0.02865 <END>
0.03003 1.73173 2.02756 2.03471 1.97451 1.27636 0.82232 0.32673 0.38023 0.02569 <END>
0.00866 1.93945 2.03423 2.0336 1.95865 1.26046 0.81159 0.41702 0.15117 0.07747 <END>
0.0226 1.94988 2.04686 2.03193 1.95189 1.24817 0.81127 0.37257 0.14289 0.03236 <END>
0.01349 1.85968 2.04349 2.03271 1.96883 1.27184 0.82035 0.35276 0.28479 0.06022 <END>
0.00901 1.8856 2.04296 2.04834 1.94463 1.26675 0.81461 0.33747 0.37693 0.02704 <END>
0.00721 1.94621 2.05395 2.0324 1.95833 1.24328 0.79844 0.42129 0.15318 0.04447 <END>
0.01772 1.77732 2.05159 2.04393 1.95388 1.28555 0.82694 0.35646 0.2676 0.0496 <END>
0.02719 1.80446 2.02115 2.04873 1.97882 1.28466 0.81518 0.36984 0.27709 0.03463 <END>
0.02624 1.81282 2.04611 2.04665 1.9742 1.30103 0.84139 0.30578 0.37423 0.02017 <END>
0.00778 2.02442 2.04839 2.03976 1.94602 1.26114 0.80943 0.39231 0.26502 0.0416 <END>
0.01655 1.95686 2.04991 2.0434 1.9568 1.26844 0.81733 0.36913 0.38329 0.03591 <END>
