0.00011 3.0407 5.75649 0.16637 0.05959 0.00574 0.01471 0.00362 0.00195 0.00018 <END>
0.00082 2.95912 5.88732 0.6369 0.06354 0.00451 0.01483 0.00244 0.00031 0.00043 0.00018 <END>
0.00053 3.20242 5.4933 0.08893 0.04697 0.00491 0.00628 0.00029 0.00121 0.00061 <END>
0.00083 3.02928 5.89957 0.33408 0.05487 0.00295 0.00995 0.00611 0.00066 0.00265 <END>
0.0007 3.1195 5.9129 0.3214 0.0535 0.01138 0.00053 0.00302 0.00297 0.00082 <END>
0.00063 3.07348 5.88678 0.43985 0.01012 0.00907 0.00759 0.00341 0.00059 0.00039 <END>
0.00023 2.98384 5.93468 0.35372 0.05907 0.03187 0.00408 0.00901 0.00063 0.00171 <END>
0.00074 3.05837 5.88707 0.14665 0.00988 0.03829 0.00633 0.0092 0.00348 0.00217 <END>
0.00159 3.02839 5.91718 0.31331 0.06883 0.02755 0.00446 0.00225 0.00193 0.0002 <END>
0.00021 2.97812 5.96942 0.40495 0.10252 0.07014 0.00409 0.03672 0.01138 0.01454 <END>
0.00261 3.08517 5.94273 0.5177 0.01672 0.02247 0.01116 0.00143 0.00198 0.00087 <END>
0.00022 3.04652 5.93485 0.5902 0.02717 0.02981 0.01266 0.00825 0.00404 0.00012 <END>
0.00058 3.02754 5.99101 0.11954 0.01451 0.04616 0.02678 0.00449 0.00857 0.00928 <END>
0.00295 3.11157 5.9999 0.49081 0.00972 0.02599 0.00674 0.00484 0.00051 0.00057 <END>
0.00041 3.06406 5.90571 0.45193 0.01582 0.02259 0.01012 0.00052 0.00172 0.0006 <END>
0.00043 3.11206 5.97904 0.44805 0.03389 0.02303 0.00194 0.00211 0.00131 0.00026 <END>
0.0006 3.06162 5.99839 0.29164 0.05474 0.02182 0.00294 0.00148 0.00127 0.0002 <END>
0.00059 3.07471 6.00696 0.24117 0.06664 0.01125 0.00888 0.00757 0.00095 0.00097 <END>
0.00096 3.08754 6.02678 0.55765 0.01225 0.03231 0.00906 0.00409 0.00294 0.00029 <END>
0.00062 3.0104 6.02523 0.50871 0.01311 0.00378 0.00079 0.00052 0.00077 0.00039 <END>
0.00046 3.00929 6.06521 0.26646 0.08407 0.02089 0.01259 0.01314 0.00144 0.00406 <END>
0.00085 3.05746 6.03489 0.36316 0.06544 0.03034 0.00837 0.00112 0.00156 0.0005 <END>
0.00035 3.06075 6.10321 0.2187 0.05767 0.01859 0.01603 0.0022 0.00404 0.00021 <END>
0.00079 3.19647 5.99927 0.36683 0.06448 0.01755 0.01988 0.00249 0.00734 0.00146 <END>
0.00311 3.02334 6.06666 0.3717 0.08237 0.01869 0.02728 0.01104 0.00815 0.0065 <END>
0.00223 3.02565 6.08361 0.25431 0.03901 0.04352 0.00818 0.01278 0.00945 0.00115 <END>
0.001 3.10737 6.07782 0.49522 0.01379 0.01954 0.00944 0.00096 0.00103 0.00065 <END>
0.00028 3.00034 6.01625 0.3936 0.05534 0.02245 0.00963 0.00173 0.00193 0.00156 <END>
0.00091 2.91335 6.16421 0.47113 0.03589 0.03146 0.0033 0.00287 0.00054 0.00029 <END>
0.00034 3.08765 6.04719 0.28824 0.08191 0.00323 0.01833 0.00208 0.00544 0.0016 <END>
0.00212 3.00291 6.15312 0.50146 0.03418 0.02893 0.00882 0.00086 0.00208 0.00036 <END>
0.00016 2.93939 6.17944 0.16841 0.00845 0.03902 0.01777 0.00555 0.00764 0.00114 <END>
0.00081 3.29461 6.05206 0.23885 0.05349 0.0278 0.02091 0.00371 0.00625 0.0005 <END>
0.00161 2.92414 6.14063 0.60535 0.03654 0.02852 0.02912 0.00814 0.00941 0.00408 <END>
0.00349 3.13542 6.16059 0.35149 0.05448 0.02484 0.00789 0.0002 0.00155 0.00058 <END>
0.00019 2.95445 6.11182 0.18796 0.08873 0.03482 0.01363 0.00612 0.0029 0.00135 <END>
0.00089 3.01573 6.14837 0.39763 0.06119 0.01855 0.0105 0.00329 0.00354 0.00017 <END>
0.00148 3.12981 6.12691 0.16193 0.05715 0.04541 0.00842 0.01028 0.00821 0.00131 <END>
0.00029 3.03804 6.14003 0.18491 0.04608 0.01091 0.00264 0.00084 0.00102 0.00054 <END>
0.00071 3.18935 6.05308 0.18508 0.01156 0.00744 0.00091 0.00061 0.00077 0.00035 <END>
0.00013 2.84483 6.15486 0.2853 0.08801 0.00852 0.01863 0.00479 0.00214 0.00147 <END>
0.00047 3.07338 6.16114 0.4134 0.02161 0.01868 0.00548 0.00069 0.00157 0.00051 <END>
0.00049 3.05264 6.17387 0.43478 0.0771 0.02895 0.03136 0.00104 0.01269 0.00731 <END>
0.001 2.96138 6.12777 0.13978 0.05426 0.01717 0.01563 0.00138 0.00193 0.00045 <END>
0.00052 2.9553 6.21792 0.5768 0.02433 0.00377 0.00482 0.00243 0.00116 0.00087 <END>
0.0003 2.98569 6.09518 0.60444 0.00872 0.03615 0.00855 0.00359 0.00134 0.00069 <END>
0.00055 2.91645 6.20895 0.61703 0.0484 0.0105 0.00271 0.00297 0.00174 0.00041 <END>
0.00043 3.05553 6.21091 0.20354 0.07589 0.00498 0.0148 0.00416 0.00045 0.0009 <END>
0.00062 2.94166 6.22491 0.30365 0.06572 0.00515 0.00839 0.00278 0.00056 0.00046 <END>
0.00042 3.06238 6.20485 0.35334 0.04922 0.0164 0.00392 0.00277 0.00113 0.00059 <END>
0.00012 3.14427 6.20005 0.14002 0.00538 0.00076 0.00101 0.00031 0.00051 0.00023 <END>
0.0002 2.86461 6.13417 0.49049 0.03392 0.03036 0.00397 0.00532 0.00099 0.00097 <END>
0.00063 2.95651 6.07617 0.30514 0.08601 0.0212 0.01791 0.0054 0.00216 0.00199 <END>
0.00063 3.00788 6.11233 0.74112 0.06083 0.02005 0.01587 0.0048 0.00202 0.00247 <END>
0.00052 3.04661 6.30649 0.41036 0.063 0.03638 0.00226 0.01108 0.00756 0.00116 <END>
0.00225 2.98885 6.27927 0.51232 0.01173 0.01897 0.01073 0.00361 0.0023 0.00021 <END>
0.00076 3.12204 6.26143 0.12004 0.02059 0.01209 0.00154 0.00113 0.00092 0.00019 <END>
0.00079 2.95016 6.10157 0.17361 0.06059 0.02025 0.0036 0.0046 0.00235 0.00102 <END>
0.00039 2.76941 5.87146 0.21247 0.02609 0.0022 0.00412 0.00273 0.00077 0.00024 <END>
0.00043 2.9253 6.22502 0.24005 0.07417 0.01161 0.0139 0.00525 0.00156 0.00216 <END>
0.0014 2.92348 6.22994 0.94998 0.09334 0.0205 0.02683 0.02242 0.00168 0.0089 <END>
0.00671 2.99746 6.29707 0.77591 0.0623 0.01831 0.00086 0.00276 0.00041 0.0008 <END>
0.00016 2.94857 6.16797 0.24017 0.073 0.00451 0.00799 0.00218 0.00035 0.00026 <END>
0.00034 2.93627 6.27712 0.51724 0.05386 0.07003 0.00921 0.03216 0.00217 0.01409 <END>
0.00582 3.0016 6.19313 0.23264 0.07926 0.00268 0.02091 0.0025 0.00441 0.00169 <END>
0.00054 2.89843 6.18659 0.07794 0.03258 0.01659 0.00977 0.00522 0.00244 0.00134 <END>
0.00025 3.19207 6.28505 0.33866 0.07431 0.0247 0.00171 0.00469 0.00102 0.00082 <END>
0.00035 2.98859 6.2878 0.0997 0.00409 0.00226 0.00054 0.00032 0.0001 0.00025 <END>
6e-05 2.86731 6.14696 0.20416 0.01318 0.00765 0.00334 0.00076 7e-05 0.00012 <END>
0.00018 3.08811 6.28442 0.46095 0.06908 0.01122 0.01163 0.00178 0.00174 0.00117 <END>
0.00045 2.9996 6.27423 0.04627 0.03423 0.00914 0.00299 0.00372 0.00104 0.00053 <END>
0.00039 2.88037 6.05844 0.25363 0.03529 0.02066 0.00858 0.00213 0.00085 0.0009 <END>
0.00042 2.96139 6.16426 0.07046 0.03564 0.00543 0.01331 0.00186 0.00565 0.00065 <END>
0.00231 2.90355 6.11649 0.22359 0.01228 0.00211 0.0021 0.00046 0.00052 0.00017 <END>
0.00013 3.00418 6.30489 0.05578 0.01067 0.00122 0.00175 0.00038 0.00018 0.00036 <END>
0.00019 2.95521 6.33119 0.21507 0.06425 0.03688 0.01106 0.00136 0.00337 0.00143 <END>
0.00061 2.91236 6.08773 0.16766 0.02202 0.00844 0.00321 0.0011 0.00058 0.00052 <END>
0.00041 2.77697 6.08409 0.32016 0.00979 0.00773 0.00139 0.00193 0.00082 0.00042 <END>
0.00035 2.9252 6.31807 0.66158 0.06487 0.00775 0.01765 0.00621 0.00154 0.00201 <END>
0.00048 2.97847 6.33237 0.29693 0.06363 0.02708 0.00597 0.00096 0.0005 0.0008 <END>
0.00049 2.89671 6.06134 0.21874 0.00489 0.00856 0.00463 0.00052 0.00158 0.00028 <END>
0.00022 3.05647 6.37389 0.34145 0.05821 0.02856 0.0022 0.00411 0.00202 0.00029 <END>
0.00039 3.04053 6.3077 0.27957 0.03001 0.0172 0.00521 0.00109 0.00158 0.0004 <END>
0.00029 2.89863 6.10956 0.34677 0.00864 0.00056 0.00142 0.00047 0.00047 0.00017 <END>
0.00011 3.07465 6.26304 0.11055 0.00245 0.0112 0.00226 0.00319 0.0003 0.00052 <END>
0.00012 3.01146 6.30505 0.07898 0.02189 0.00588 0.01084 0.00546 0.00164 0.00234 <END>
0.00036 2.82409 6.08606 0.46208 0.00735 0.00466 0.00134 0.00289 0.00149 0.00024 <END>
0.00056 2.79081 5.92935 0.65726 0.01698 0.00911 0.00549 0.00128 0.00091 0.00048 <END>
0.00016 2.77322 6.1344 0.47636 0.06583 0.01877 0.02858 0.01228 0.0109 0.00768 <END>
0.00099 2.95763 6.30038 0.35335 0.01981 0.00957 0.00792 0.00486 0.00234 0.00215 <END>
0.0011 3.06219 6.37213 0.13299 0.0234 0.00749 0.00899 0.00096 0.00209 0.00153 <END>
0.00057 3.0182 6.27144 0.36228 0.02462 0.00322 0.0108 0.00361 0.00415 0.00257 <END>
0.00048 3.08334 6.34044 0.16245 0.00827 0.01005 0.00382 0.00172 0.00058 0.00056 <END>
0.00036 2.94885 6.28269 0.33562 0.01478 0.00426 0.0027 0.0015 0.00095 0.00013 <END>
0.00022 2.93745 6.11663 0.46247 0.02415 0.02123 0.00979 0.01017 0.0035 0.00517 <END>
0.00072 3.17261 6.38612 0.31488 0.02307 0.00472 0.00844 0.00504 0.00181 0.00319 <END>
0.00064 2.84111 6.17363 0.47668 0.00605 0.00179 0.00098 0.00016 0.00018 8e-05 <END>
0.00013 2.89026 6.2685 0.36242 0.01611 0.00558 0.00314 0.00492 0.00201 0.00031 <END>
0.00047 2.8888 6.25364 0.54511 0.09016 0.01018 0.0131 0.004 0.00376 0.00077 <END>
0.00115 2.7593 5.96836 0.69012 0.00425 0.00035 0.00043 0.00022 0.00017 7e-05 <END>
0.00019 2.88623 6.2247 0.44407 0.02262 0.0338 0.00541 0.00674 0.00372 0.00033 <END>
0.00071 2.96883 6.25425 0.36457 0.00406 0.00119 0.00067 0.00094 0.00037 0.0004 <END>
0.00024 2.85047 6.08989 0.72653 0.01865 0.00684 0.00386 0.00149 0.00122 0.00053 <END>
0.00041 2.96631 6.14805 0.36333 0.01623 0.00811 0.00584 0.00115 0.00226 0.00156 <END>
0.00102 2.89426 6.35816 0.4423 0.01006 0.0061 0.00242 0.00283 0.00139 0.00071 <END>
0.00077 2.99746 6.0878 0.49374 0.01747 0.00203 0.00548 0.00174 0.00016 0.00024 <END>
0.00022 2.80935 6.03783 0.56501 0.01474 0.00261 0.00243 0.00065 0.00026 0.00047 <END>
0.00028 2.85242 6.19385 0.5329 0.01189 0.01813 0.00654 0.00247 0.00219 0.00026 <END>
0.00069 2.79561 6.06266 0.85648 0.00236 0.00277 0.00223 0.00092 0.00137 0.0001 <END>
0.00063 2.88757 6.20925 0.56276 0.02424 0.00141 0.00757 0.00363 0.00042 0.00138 <END>
0.00057 2.94097 6.31359 0.45207 0.01478 0.00086 0.00335 0.00207 0.00026 0.00049 <END>
0.00056 2.8152 6.17548 0.58283 0.00373 0.00972 0.00777 0.00247 0.00144 0.00098 <END>
0.00047 2.9169 6.18454 0.59373 0.00777 0.00333 0.00301 0.00038 0.00071 0.00023 <END>
0.00023 2.93174 6.07666 0.6079 0.04167 0.00736 0.00824 0.00487 0.00049 0.00041 <END>
0.00014 3.01389 6.19928 0.48249 0.0448 0.03044 0.01513 0.00472 0.00071 0.00052 <END>
0.00149 2.95188 6.35093 0.50083 0.01343 0.00183 0.00306 0.00246 0.00011 0.00085 <END>
0.00045 3.02505 6.41221 0.71703 0.07872 0.02396 0.00192 0.00617 0.00247 0.00083 <END>
0.00022 3.03759 6.28274 0.52127 0.12404 0.04183 0.00961 0.00196 0.00177 0.00116 <END>
0.00074 2.86837 6.06396 0.67116 0.00438 0.0066 0.00209 0.001 0.00119 0.00039 <END>
0.00039 3.21637 6.50559 0.55378 0.02753 0.04837 0.01768 0.00728 0.00577 0.0016 <END>
0.0005 3.10408 6.41739 0.31109 0.01243 0.0072 0.00071 0.00097 0.00019 8e-05 <END>
9e-05 2.84807 6.1049 0.87481 0.00123 0.00233 0.00033 0.00058 0.00022 0.00023 <END>
9e-05 2.83726 6.17323 0.65326 0.0362 0.02716 0.00398 0.00607 0.00414 0.00117 <END>
0.00092 2.90709 6.07448 0.65511 0.00688 0.01761 0.00752 0.0087 0.00525 0.00453 <END>
0.00446 3.10187 6.37476 0.33115 0.00356 0.00391 0.00127 0.0008 0.00081 0.00039 <END>
0.00034 2.94702 6.19551 0.70185 0.03928 0.03009 0.01084 0.00068 0.00317 0.00227 <END>
0.00062 2.98272 6.08501 0.59585 0.00889 0.00461 0.00282 0.00128 0.00046 0.00063 <END>
0.00037 2.85729 6.05652 0.73487 0.0446 0.02677 0.01015 0.00273 0.00139 0.00148 <END>
0.00053 2.91258 6.169 0.66904 0.0171 0.00558 0.00829 0.00131 0.00262 0.00061 <END>
0.00024 2.90608 6.07767 0.65484 0.0732 0.02894 0.00972 0.00176 0.00047 0.00044 <END>
0.0002 2.93478 6.28289 0.59636 0.02713 0.00723 0.0126 0.00552 0.00057 0.00396 <END>
0.0023 2.94637 6.34946 0.50967 0.0081 0.00622 0.00097 0.00054 0.00024 0.00033 <END>
0.00017 2.92479 6.23481 0.64523 0.01478 0.03148 0.00325 0.01349 0.0009 0.00595 <END>
0.0008 2.95326 6.25104 0.84683 0.01591 0.00709 0.00976 0.00171 0.00476 0.00045 <END>
0.00188 2.94439 6.16953 0.79542 0.04225 0.0034 0.00763 0.0023 0.00031 0.00053 <END>
0.00012 2.92402 6.12108 0.76667 0.03744 0.03294 0.00218 0.00709 0.00169 0.00246 <END>
0.00183 3.07342 6.41499 0.67743 0.01335 0.02299 0.01024 0.00868 0.00493 0.00258 <END>
0.00112 2.93827 6.12627 0.83999 0.02331 0.00105 0.00534 0.00127 0.00111 0.00055 <END>
0.00044 3.16314 6.42601 0.45422 0.00828 0.00454 0.00225 0.00074 0.0008 0.00028 <END>
0.00014 2.97857 6.14587 0.79739 0.07249 0.02542 0.00801 0.0005 0.00106 0.00074 <END>
0.00021 2.98624 6.32919 1.02027 0.00768 0.00267 0.00238 0.0002 0.00077 0.00027 <END>
0.00019 2.98886 6.15981 0.90257 0.00603 0.00043 0.00151 0.00094 0.00033 0.00019 <END>
0.0003 3.02321 6.19396 0.88618 0.04391 0.0085 0.00575 0.00316 0.00046 0.00041 <END>
0.00068 2.84143 6.17425 0.87726 0.01653 0.01666 0.00335 0.00603 0.00186 0.00165 <END>
0.00086 2.99093 6.3279 0.82416 0.00669 0.00506 0.00112 0.0004 0.00075 0.00016 <END>
0.00046 2.84297 6.1874 0.96074 0.0103 0.00565 0.00097 0.00151 0.00014 0.00037 <END>
0.00046 3.1389 6.31474 0.89433 0.09803 0.01581 0.02765 0.00503 0.00819 0.00172 <END>
0.00071 2.96178 6.14015 0.83063 0.00758 0.0032 0.00262 0.00268 0.00028 0.00106 <END>
0.00078 3.05153 6.19806 0.78643 0.01148 0.00697 0.00341 0.00146 0.00156 0.00048 <END>
0.00026 3.04447 6.36598 0.79928 0.00842 0.00643 0.00317 0.00042 0.00102 0.00041 <END>
0.00038 3.00613 6.33714 0.69175 0.01539 0.04188 0.00451 0.01215 0.00551 0.00369 <END>
0.00173 3.04942 6.28313 0.89 0.01478 0.00979 0.00521 0.00211 0.00107 0.00079 <END>
0.00064 2.98388 6.06256 0.83351 0.04751 0.01543 0.00285 0.00062 0.00061 0.00041 <END>
0.00022 3.10223 6.22731 0.77498 0.04107 0.01521 0.00777 0.00237 0.00137 0.00034 <END>
0.00016 2.90798 6.35992 0.97072 0.01404 0.00598 0.00342 0.00135 0.00026 0.00019 <END>
0.00041 3.03064 6.28492 0.76961 0.00458 0.0028 0.00217 0.00061 0.00014 0.00027 <END>
0.00041 2.92279 6.21516 1.10694 0.05219 0.04149 0.01474 0.00201 0.00236 0.00042 <END>
0.00011 2.9821 6.32287 1.19092 0.04676 0.00827 0.01197 0.00196 0.00193 0.00089 <END>
0.00073 3.15999 6.3563 0.79368 0.00684 0.00454 0.00241 0.00081 0.00081 0.00051 <END>
8e-05 2.90078 6.12121 1.08868 0.01299 0.00266 0.00061 0.00021 0.00036 0.0005 <END>
0.00035 2.96361 6.30929 1.15738 0.02258 0.0524 0.01546 0.01495 0.00333 0.00353 <END>
0.00182 2.94772 6.28806 0.78028 0.03138 0.01255 0.00513 0.00158 0.0008 0.00037 <END>
0.0002 2.97038 6.38757 0.89388 0.04535 0.02627 0.01241 0.0049 0.0016 0.00083 <END>
0.00039 3.09453 6.47315 0.55169 0.00731 0.00297 0.00098 0.00036 0.00054 0.00021 <END>
0.00046 2.95525 6.05968 1.3497 0.05955 0.00301 0.01029 0.00414 0.00025 0.0008 <END>
0.00028 3.02214 6.4555 1.01658 0.04438 0.04977 0.01607 0.00626 0.00761 0.00324 <END>
0.00299 2.97184 6.2455 0.97555 0.00392 0.00218 0.0009 0.00137 0.00018 0.0009 <END>
0.00052 3.11547 6.37616 1.08924 0.01035 0.0173 0.00298 0.00635 0.00299 0.00186 <END>
0.0019 3.00181 6.3551 0.90099 0.02686 0.00441 0.00089 0.00063 0.00028 0.00046 <END>
0.00029 2.73268 5.94753 1.3721 0.02549 0.01408 0.00586 0.00619 0.00272 0.00131 <END>
0.00108 2.94708 6.04734 1.21644 0.006 0.01108 0.001 0.00278 0.00028 0.0012 <END>
0.00026 2.99914 6.33696 1.20558 0.05404 0.0786 0.02613 0.02148 0.02326 0.00332 <END>
0.00238 2.90314 6.32423 1.47338 0.05513 0.05666 0.0044 0.01871 0.00669 0.00403 <END>
0.00348 3.22064 6.60051 0.61234 0.01304 0.00736 0.0064 0.0016 0.00083 0.00054 <END>
0.00017 2.89001 6.16532 1.33458 0.02572 0.02836 0.02394 0.01021 0.00532 0.00656 <END>
0.00466 2.97435 6.23368 1.19479 0.00693 0.01594 0.00375 0.00288 0.00157 0.00044 <END>
0.00093 2.7704 6.16415 1.37253 0.0166 0.00796 0.00972 0.00479 0.00052 0.00116 <END>
0.00077 2.98955 6.27646 1.47359 0.10446 0.04391 0.01814 0.03125 0.01051 0.0087 <END>
0.0098 3.11147 6.43249 0.94153 0.02574 0.0027 0.00529 0.00156 0.00124 0.00053 <END>
0.00069 2.94822 6.22715 1.21915 0.02124 0.06636 0.00057 0.02836 0.00049 0.01211 <END>
0.00224 3.13312 6.28958 1.48507 0.08306 0.02895 0.00874 0.00827 0.00083 0.00146 <END>
0.00045 3.16883 6.5249 1.05381 0.02594 0.02829 0.01948 0.00156 0.00458 0.00242 <END>
0.00071 2.88553 6.29266 1.23312 0.08918 0.02604 0.02535 0.00034 0.00576 0.00143 <END>
0.00159 2.98597 6.18136 1.48988 0.09137 0.01673 0.02599 0.00689 0.00711 0.00535 <END>
0.00221 3.16258 6.33576 1.41752 0.05489 0.02249 0.00572 0.00125 0.00134 0.00053 <END>
0.00026 2.95919 6.30696 1.34013 0.11043 0.01051 0.01427 0.00375 0.00105 0.00171 <END>
0.00083 2.92117 6.10532 1.37541 0.01507 0.00919 0.00625 0.00097 0.00311 0.00029 <END>
0.00252 2.85865 6.14673 1.61228 0.07028 0.0387 0.00568 0.00602 0.00103 0.0011 <END>
0.00041 2.95073 6.28777 1.34381 0.05852 0.00813 0.00197 0.00269 0.00045 0.00083 <END>
0.00035 2.82139 5.99368 1.65132 0.08105 0.0332 0.0041 0.00187 0.00175 0.00139 <END>
0.00065 2.93502 6.27695 1.51876 0.10073 0.04724 0.01343 0.02453 0.0013 0.00996 <END>
0.00065 2.77186 6.30841 1.43284 0.08745 0.00454 0.01301 0.00106 0.00123 0.00024 <END>
0.00038 2.88922 6.16263 1.51485 0.07157 0.00886 0.01254 0.00833 0.00372 0.00111 <END>
0.00051 2.77994 6.28975 1.64416 0.08835 0.04026 0.00267 0.01084 0.00234 0.00281 <END>
0.00193 2.95319 6.16825 1.44735 0.07464 0.01601 0.0025 0.00169 0.00123 0.00039 <END>
0.00021 2.95941 6.20387 1.44767 0.06967 0.02801 0.00218 0.00561 0.00227 0.00049 <END>
0.00072 3.08787 6.4354 1.39732 0.08513 0.00982 0.01748 0.00765 0.00229 0.00245 <END>
0.00063 2.88582 6.06441 1.64953 0.03109 0.00611 0.00617 0.00059 0.00129 0.00075 <END>
0.00037 2.85565 6.35002 1.38325 0.07088 0.00591 0.00598 0.00089 0.00112 0.00042 <END>
0.00053 2.99911 6.19851 1.78552 0.06879 0.02151 0.02045 0.00344 0.00309 0.00173 <END>
0.00074 2.98367 6.31728 1.40218 0.11187 0.00173 0.02771 0.00888 0.00636 0.0023 <END>
0.00201 2.88111 6.38844 1.4673 0.09307 0.06459 0.02375 0.015 0.01378 0.00553 <END>
0.00507 2.91616 6.21449 1.87832 0.11754 0.00947 0.03384 0.0091 0.0123 0.00219 <END>
0.00413 2.99333 6.25887 1.88462 0.08353 0.00726 0.01111 0.00308 0.00092 0.00081 <END>
0.00082 3.10632 6.36428 1.2077 0.02282 0.01019 0.00477 0.00212 0.00089 0.00034 <END>
0.00032 3.02648 6.25456 1.62206 0.09224 0.02758 0.0053 0.00169 0.00082 0.00076 <END>
0.00031 3.02119 6.30131 1.37494 0.04738 0.00878 0.00795 0.00269 0.00043 0.00045 <END>
0.00037 3.09595 6.34466 1.20196 0.06501 0.01181 0.00424 0.00434 0.00102 0.00197 <END>
0.00142 3.01524 6.28842 1.48073 0.01315 0.01028 0.01082 0.00152 0.004 0.00018 <END>
0.001 2.88872 6.33774 1.64533 0.04003 0.02506 0.00852 0.00174 0.00048 0.00095 <END>
0.00062 2.91124 6.26379 1.32936 0.00923 0.00405 0.00079 0.00094 0.00016 0.00058 <END>
7e-05 3.00923 6.35678 1.78508 0.06188 0.03395 0.03684 0.00746 0.01009 0.00532 <END>
0.00249 3.10656 6.47503 1.47308 0.09414 0.03236 0.04279 0.00368 0.01285 0.00491 <END>
0.00274 3.07032 6.44933 1.51164 0.09229 0.00971 0.02113 0.00534 0.00516 0.00011 <END>
0.00076 3.13858 6.4874 1.56609 0.04811 0.05332 0.02161 0.01074 0.01053 0.0051 <END>
0.00417 3.01466 6.22574 1.5935 0.00935 0.02326 0.00679 0.00298 0.00485 0.00122 <END>
0.00088 2.86141 6.05009 2.06466 0.11655 0.02022 0.03002 0.00928 0.00962 0.00028 <END>
0.003 3.10539 6.4857 1.48699 0.12163 0.03098 0.04694 0.00401 0.02072 0.00624 <END>
0.00795 3.04682 6.45754 1.40258 0.10655 0.00521 0.02148 0.00125 0.00663 0.00163 <END>
0.00238 3.02281 6.46507 1.76388 0.07871 0.01156 0.00834 0.00441 0.00107 0.00118 <END>
0.00092 3.07784 6.29964 1.68192 0.06438 0.04821 0.02924 0.0066 0.01338 0.00805 <END>
0.00289 3.01366 6.49871 1.70815 0.04201 0.04342 0.00191 0.01384 0.00524 0.0026 <END>
0.00129 3.00129 6.30106 1.50333 0.01358 0.00356 0.00325 0.00137 0.00064 0.00022 <END>
9e-05 3.01873 6.24813 2.04127 0.09316 0.05295 0.01959 0.00117 0.0043 0.00319 <END>
0.00041 3.03027 6.48315 1.78819 0.02648 0.0916 0.00852 0.04014 0.01753 0.0106 <END>
0.01612 3.15301 6.47267 1.81015 0.0304 0.03476 0.0232 0.00467 0.00421 0.00338 <END>
0.00044 3.07913 6.38592 1.99932 0.1236 0.05179 0.0209 0.00039 0.00649 0.00087 <END>
0.00098 3.0351 6.42156 1.53258 0.08528 0.03425 0.00773 0.00159 0.00312 0.0021 <END>
0.00069 2.97503 6.38229 1.96563 0.12491 0.02132 0.01919 0.00323 0.00614 0.00049 <END>
0.00234 3.17404 6.62102 1.50793 0.0815 0.02992 0.00896 0.00159 0.00039 0.00096 <END>
0.00055 3.0429 6.31489 1.89687 0.01943 0.03924 0.00822 0.00296 0.00255 0.00059 <END>
0.0006 2.99413 6.28207 1.75473 0.1082 0.0296 0.01081 0.00456 0.0019 0.00095 <END>
0.00016 2.87823 6.18398 1.99717 0.08565 0.0209 0.02134 0.00185 0.0023 0.00138 <END>
0.00119 3.03521 6.41858 1.79739 0.05013 0.05257 0.00668 0.01442 0.00143 0.00436 <END>
0.00228 2.89734 6.36712 1.93453 0.12345 0.03768 0.00152 0.0065 0.00242 0.0006 <END>
0.00046 2.99661 6.29373 2.02742 0.11846 0.01929 0.0195 0.01385 0.00328 0.00141 <END>
0.00066 2.81275 6.30282 1.91484 0.03355 0.05853 0.00799 0.01787 0.00537 0.00505 <END>
0.0042 3.00803 6.33863 1.77665 0.086 0.00438 0.01822 0.00439 0.00119 0.00179 <END>
0.00082 3.0211 6.44094 2.07136 0.08261 0.03707 0.00292 0.00699 0.00221 0.00115 <END>
0.00017 3.23985 6.52904 1.58727 0.07095 0.03422 0.00296 0.00733 0.00239 0.00104 <END>
0.00076 2.91887 6.26938 2.11946 0.07075 0.0348 0.00411 0.00388 0.00198 0.00015 <END>
0.0003 2.98782 6.31072 1.92073 0.0376 0.06953 0.01517 0.00917 0.0201 0.00323 <END>
0.00752 3.1471 6.3747 1.68018 0.08244 0.01743 0.00343 0.00121 0.0002 0.00027 <END>
0.00026 3.03815 6.24407 2.20311 0.09549 0.04383 0.00305 0.00515 0.00218 0.00039 <END>
0.00033 3.01624 6.47776 1.98765 0.10511 0.04877 0.00828 0.00916 0.0008 0.00159 <END>
0.00115 3.01636 6.37526 2.18434 0.06845 0.01966 0.00723 0.00296 0.00137 0.00045 <END>
0.00056 3.03759 6.28834 1.91164 0.05274 0.01636 0.0059 0.00231 0.00247 0.00104 <END>
0.00051 3.09767 6.37092 2.27021 0.03919 0.06418 0.01648 0.0182 0.00104 0.0036 <END>
0.00166 3.04648 6.40797 2.16045 0.1138 0.02342 0.00668 0.00322 0.00091 0.00057 <END>
0.00039 3.15688 6.32163 1.87215 0.04732 0.0536 0.02246 0.00586 0.00885 0.00288 <END>
