-0.0 439.29 388.24 338.74 -0.0 -0.0 -0.0 -0.0 -0.0 -0.0 <END>
-0.0 450.61 402.46 375.3 -0.0 -0.0 -0.0 -0.0 -0.0 -0.0 <END>
-0.0 495.0 390.84 374.4 -0.0 -0.0 -0.0 -0.0 -0.0 -0.0 <END>
-0.0 495.0 392.25 315.0 -0.0 -0.0 -0.0 -0.0 -0.0 -0.0 <END>
-0.0 495.0 393.89 374.4 -0.0 -0.0 -0.0 -0.0 -0.0 -0.0 <END>
-0.0 495.0 397.6 434.7 -0.0 -0.0 -0.0 -0.0 -0.0 -0.0 <END>
-0.0 495.0 396.4 375.3 -0.0 -0.0 -0.0 -0.0 -0.0 -0.0 <END>
-0.0 443.96 398.27 435.6 -0.0 -0.0 -0.0 -0.0 -0.0 -0.0 <END>
-0.0 445.13 385.29 315.0 -0.0 -0.0 -0.0 -0.0 -0.0 -0.0 <END>
-0.0 495.0 387.51 256.5 -0.0 -0.0 -0.0 -0.0 -0.0 -0.0 <END>
-0.0 494.89 394.67 434.7 -0.0 -0.0 -0.0 -0.0 -0.0 -0.0 <END>
-0.0 445.6 397.67 434.7 -0.0 -0.0 -0.0 -0.0 -0.0 -0.0 <END>
-0.0 490.27 391.05 434.7 -0.0 -0.0 -0.0 -0.0 -0.0 -0.0 <END>
-0.0 495.0 398.11 374.4 -0.0 -0.0 -0.0 -0.0 -0.0 -0.0 <END>
-0.0 451.7 401.09 375.3 -0.0 -0.0 -0.0 -0.0 -0.0 -0.0 <END>
-0.0 493.07 390.9 375.3 -0.0 -0.0 -0.0 -0.0 -0.0 -0.0 <END>
-0.0 453.24 407.04 435.6 -0.0 -0.0 -0.0 -0.0 -0.0 -0.0 <END>
-0.0 450.08 396.35 435.6 -0.0 -0.0 -0.0 -0.0 -0.0 -0.0 <END>
-0.0 444.89 394.4 434.7 -0.0 -0.0 -0.0 -0.0 -0.0 -0.0 <END>
-0.0 449.93 401.2 435.6 -0.0 -0.0 -0.0 -0.0 -0.0 -0.0 <END>
-0.0 442.97 391.37 375.3 -0.0 -0.0 -0.0 -0.0 -0.0 -0.0 <END>
-0.0 447.45 393.9 375.3 -0.0 -0.0 -0.0 -0.0 -0.0 -0.0 <END>
-0.0 492.64 387.63 314.1 -0.0 -0.0 -0.0 -0.0 -0.0 -0.0 <END>
-0.0 448.05 400.63 375.3 -0.0 -0.0 -0.0 -0.0 -0.0 -0.0 <END>
-0.0 450.77 397.97 435.6 -0.0 -0.0 -0.0 -0.0 -0.0 -0.0 <END>
-0.0 495.0 395.27 375.3 -0.0 -0.0 -0.0 -0.0 -0.0 -0.0 <END>
-0.0 451.82 400.36 495.0 -0.0 -0.0 -0.0 -0.0 -0.0 -0.0 <END>
-0.0 495.0 404.56 495.0 -0.0 -0.0 -0.0 -0.0 -0.0 -0.0 <END>
-0.0 495.0 394.57 374.4 -0.0 -0.0 -0.0 -0.0 -0.0 -0.0 <END>
-0.0 443.02 390.72 434.7 -0.0 -0.0 -0.0 -0.0 -0.0 -0.0 <END>
-0.0 495.0 392.63 435.6 -0.0 -0.0 -0.0 -0.0 -0.0 -0.0 <END>
-0.0 448.7 396.63 375.3 -0.0 -0.0 -0.0 -0.0 -0.0 -0.0 <END>
-0.0 494.87 390.23 374.4 -0.0 -0.0 -0.0 -0.0 -0.0 -0.0 <END>
-0.0 444.83 393.24 374.4 -0.0 -0.0 -0.0 -0.0 -0.0 -0.0 <END>
-0.0 445.24 392.22 374.4 -0.0 -0.0 -0.0 -0.0 -0.0 -0.0 <END>
-0.0 495.0 403.47 495.0 -0.0 -0.0 -0.0 -0.0 -0.0 -0.0 <END>
-0.0 495.0 402.55 495.0 -0.0 -0.0 -0.0 -0.0 -0.0 -0.0 <END>
-0.0 453.16 395.72 434.7 -0.0 -0.0 -0.0 -0.0 -0.0 -0.0 <END>
-0.0 495.0 380.36 314.1 -0.0 -0.0 -0.0 -0.0 -0.0 -0.0 <END>
-0.0 495.0 388.96 374.4 -0.0 -0.0 -0.0 -0.0 -0.0 -0.0 <END>
-0.0 444.56 389.51 315.0 -0.0 -0.0 -0.0 -0.0 -0.0 -0.0 <END>
-0.0 445.97 392.2 375.3 -0.0 -0.0 -0.0 -0.0 -0.0 -0.0 <END>
-0.0 495.0 390.4 434.7 -0.0 -0.0 -0.0 -0.0 -0.0 -0.0 <END>
-0.0 495.0 397.76 434.7 -0.0 -0.0 -0.0 -0.0 -0.0 -0.0 <END>
-0.0 495.0 386.95 314.1 -0.0 -0.0 -0.0 -0.0 -0.0 -0.0 <END>
-0.0 439.09 375.14 196.2 -0.0 -0.0 -0.0 -0.0 -0.0 -0.0 <END>
-0.0 495.0 392.52 435.6 -0.0 -0.0 -0.0 -0.0 -0.0 -0.0 <END>
-0.0 449.31 390.83 374.4 -0.0 -0.0 -0.0 -0.0 -0.0 -0.0 <END>
-0.0 495.0 382.09 315.0 -0.0 -0.0 -0.0 -0.0 -0.0 -0.0 <END>
-0.0 441.04 384.19 374.4 -0.0 -0.0 -0.0 -0.0 -0.0 -0.0 <END>
-0.0 495.0 391.86 495.0 -0.0 -0.0 -0.0 -0.0 -0.0 -0.0 <END>
-0.0 447.08 387.63 434.7 -0.0 -0.0 -0.0 -0.0 -0.0 -0.0 <END>
-0.0 452.54 397.08 434.7 -0.0 -0.0 -0.0 -0.0 -0.0 -0.0 <END>
-0.0 442.36 391.99 434.7 -0.0 -0.0 -0.0 -0.0 -0.0 -0.0 <END>
-0.0 495.0 395.17 495.0 -0.0 -0.0 -0.0 -0.0 -0.0 -0.0 <END>
-0.0 495.0 399.1 434.7 -0.0 -0.0 -0.0 -0.0 -0.0 -0.0 <END>
-0.0 450.24 393.09 495.0 -0.0 -0.0 -0.0 -0.0 -0.0 -0.0 <END>
-0.0 441.52 381.82 314.1 -0.0 -0.0 -0.0 -0.0 -0.0 -0.0 <END>
-0.0 493.88 374.93 314.1 -0.0 -0.0 -0.0 -0.0 -0.0 -0.0 <END>
-0.0 439.34 382.76 495.0 -0.0 -0.0 -0.0 -0.0 -0.0 -0.0 <END>
-0.0 495.0 396.79 434.7 -0.0 -0.0 -0.0 -0.0 -0.0 -0.0 <END>
-0.0 450.4 385.92 315.0 -0.0 -0.0 -0.0 -0.0 -0.0 -0.0 <END>
-0.0 450.51 391.81 434.7 -0.0 -0.0 -0.0 -0.0 -0.0 -0.0 <END>
-0.0 495.0 383.41 315.0 -0.0 -0.0 -0.0 -0.0 -0.0 -0.0 <END>
-0.0 449.65 388.7 373.5 -0.0 -0.0 -0.0 -0.0 -0.0 -0.0 <END>
-0.0 444.66 385.67 495.0 -0.0 -0.0 -0.0 -0.0 -0.0 -0.0 <END>
-0.0 448.57 371.49 253.8 0.0 0.0 0.0 0.0 0.0 0.0 <END>
0.0 495.0 382.48 315.0 -0.0 -0.0 -0.0 -0.0 -0.0 -0.0 <END>
-0.0 495.0 380.98 254.7 -0.0 -0.0 -0.0 -0.0 -0.0 -0.0 <END>
-0.0 446.91 377.74 375.3 -0.0 -0.0 -0.0 -0.0 -0.0 -0.0 <END>
-0.0 495.0 390.83 435.6 -0.0 -0.0 -0.0 -0.0 -0.0 -0.0 <END>
-0.0 495.0 391.01 375.3 -0.0 -0.0 -0.0 -0.0 -0.0 -0.0 <END>
-0.0 495.0 384.62 374.4 -0.0 -0.0 -0.0 -0.0 -0.0 -0.0 <END>
-0.0 495.0 378.62 315.0 -0.0 -0.0 -0.0 -0.0 -0.0 -0.0 <END>
-0.0 451.01 387.66 495.0 -0.0 -0.0 -0.0 -0.0 -0.0 -0.0 <END>
-0.0 495.0 385.05 374.4 -0.0 -0.0 -0.0 -0.0 -0.0 -0.0 <END>
-0.0 495.0 381.81 434.7 -0.0 -0.0 -0.0 -0.0 -0.0 -0.0 <END>
-0.0 495.0 376.57 495.0 -0.0 -0.0 -0.0 -0.0 -0.0 -0.0 <END>
-0.0 495.0 390.24 495.0 -0.0 -0.0 -0.0 -0.0 -0.0 -0.0 <END>
-0.0 495.0 375.17 374.4 -0.0 -0.0 -0.0 -0.0 -0.0 -0.0 <END>
-0.0 495.0 378.37 434.7 -0.0 -0.0 -0.0 -0.0 -0.0 -0.0 <END>
-0.0 495.0 382.13 434.7 -0.0 -0.0 -0.0 -0.0 -0.0 -0.0 <END>
-0.0 495.0 381.23 374.4 -0.0 -0.0 -0.0 -0.0 -0.0 -0.0 <END>
-0.0 495.0 373.38 375.3 -0.0 -0.0 -0.0 -0.0 -0.0 -0.0 <END>
-0.0 495.0 377.28 434.7 -0.0 -0.0 -0.0 -0.0 -0.0 -0.0 <END>
-0.0 495.0 382.09 434.7 -0.0 -0.0 -0.0 -0.0 -0.0 -0.0 <END>
-0.0 495.0 377.22 314.1 -0.0 -0.0 -0.0 -0.0 -0.0 -0.0 <END>
-0.0 495.0 378.02 315.0 -0.0 -0.0 -0.0 -0.0 -0.0 -0.0 <END>
-0.0 495.0 391.42 434.7 -0.0 -0.0 -0.0 -0.0 -0.0 -0.0 <END>
-0.0 495.0 381.41 315.0 -0.0 -0.0 -0.0 -0.0 -0.0 -0.0 <END>
-0.0 495.0 385.68 495.0 -0.0 -0.0 -0.0 -0.0 -0.0 -0.0 <END>
-0.0 495.0 383.4 374.4 -0.0 -0.0 -0.0 -0.0 -0.0 -0.0 <END>
-0.0 495.0 381.04 434.7 -0.0 -0.0 -0.0 -0.0 -0.0 -0.0 <END>
-0.0 495.0 386.02 435.6 -0.0 -0.0 -0.0 -0.0 -0.0 -0.0 <END>
-0.0 495.0 380.34 315.0 -0.0 -0.0 -0.0 -0.0 -0.0 -0.0 <END>
-0.0 495.0 390.46 434.7 -0.0 -0.0 -0.0 -0.0 -0.0 -0.0 <END>
-0.0 495.0 382.09 434.7 -0.0 -0.0 -0.0 -0.0 -0.0 -0.0 <END>
-0.0 495.0 387.2 495.0 -0.0 -0.0 -0.0 -0.0 -0.0 -0.0 <END>
-0.0 495.0 383.38 255.6 -0.0 -0.0 -0.0 -0.0 -0.0 -0.0 <END>
-0.0 495.0 378.76 255.6 -0.0 -0.0 -0.0 -0.0 -0.0 -0.0 <END>
-0.0 495.0 380.89 434.7 -0.0 -0.0 -0.0 -0.0 -0.0 -0.0 <END>
-0.0 495.0 380.97 374.4 -0.0 -0.0 -0.0 -0.0 -0.0 -0.0 <END>
-0.0 495.0 370.25 434.7 -0.0 -0.0 -0.0 -0.0 -0.0 -0.0 <END>
-0.0 495.0 372.95 315.0 -0.0 -0.0 -0.0 -0.0 -0.0 -0.0 <END>
-0.0 495.0 381.48 495.0 -0.0 -0.0 -0.0 -0.0 -0.0 -0.0 <END>
-0.0 495.0 377.95 434.7 -0.0 -0.0 -0.0 -0.0 -0.0 -0.0 <END>
-0.0 495.0 385.64 315.9 -0.0 -0.0 -0.0 -0.0 -0.0 -0.0 <END>
-0.0 495.0 380.79 314.1 -0.0 -0.0 -0.0 -0.0 -0.0 -0.0 <END>
-0.0 495.0 371.4 374.4 -0.0 -0.0 -0.0 -0.0 -0.0 -0.0 <END>
-0.0 495.0 387.66 315.9 -0.0 -0.0 -0.0 -0.0 -0.0 -0.0 <END>
-0.0 495.0 382.76 375.3 -0.0 -0.0 -0.0 -0.0 -0.0 -0.0 <END>
-0.0 495.0 376.88 495.0 -0.0 -0.0 -0.0 -0.0 -0.0 -0.0 <END>
-0.0 495.0 376.96 495.0 -0.0 -0.0 -0.0 -0.0 -0.0 -0.0 <END>
-0.0 495.0 373.04 495.0 -0.0 -0.0 -0.0 -0.0 -0.0 -0.0 <END>
-0.0 495.0 379.35 495.0 -0.0 -0.0 -0.0 -0.0 -0.0 -0.0 <END>
-0.0 495.0 382.62 434.7 -0.0 -0.0 -0.0 -0.0 -0.0 -0.0 <END>
-0.0 495.0 376.94 315.0 -0.0 -0.0 -0.0 -0.0 -0.0 -0.0 <END>
-0.0 495.0 369.47 495.0 -0.0 -0.0 -0.0 -0.0 -0.0 -0.0 <END>
-0.0 495.0 380.24 434.7 -0.0 -0.0 -0.0 -0.0 -0.0 -0.0 <END>
-0.0 495.0 384.05 495.0 -0.0 -0.0 -0.0 -0.0 -0.0 -0.0 <END>
-0.0 495.0 381.58 495.0 -0.0 -0.0 -0.0 -0.0 -0.0 -0.0 <END>
-0.0 495.0 372.28 495.0 -0.0 -0.0 -0.0 -0.0 -0.0 -0.0 <END>
-0.0 495.0 392.48 495.0 -0.0 -0.0 -0.0 -0.0 -0.0 -0.0 <END>
-0.0 495.0 375.0 435.6 -0.0 -0.0 -0.0 -0.0 -0.0 -0.0 <END>
-0.0 495.0 387.73 495.0 -0.0 -0.0 -0.0 -0.0 -0.0 -0.0 <END>
-0.0 495.0 383.17 435.6 -0.0 -0.0 -0.0 -0.0 -0.0 -0.0 <END>
-0.0 495.0 377.16 373.5 -0.0 -0.0 -0.0 -0.0 -0.0 -0.0 <END>
-0.0 495.0 376.0 495.0 -0.0 -0.0 -0.0 -0.0 -0.0 -0.0 <END>
-0.0 495.0 375.1 374.4 -0.0 -0.0 -0.0 -0.0 -0.0 -0.0 <END>
-0.0 495.0 369.87 254.7 -0.0 -0.0 -0.0 -0.0 -0.0 -0.0 <END>
-0.0 495.0 372.78 495.0 -0.0 -0.0 -0.0 -0.0 -0.0 -0.0 <END>
-0.0 495.0 367.61 253.8 -0.0 -0.0 -0.0 -0.0 -0.0 -0.0 <END>
-0.0 495.0 377.96 254.7 -0.0 -0.0 -0.0 -0.0 -0.0 -0.0 <END>
-0.0 495.0 380.31 435.6 -0.0 -0.0 -0.0 -0.0 -0.0 -0.0 <END>
-0.0 495.0 373.5 374.4 -0.0 -0.0 -0.0 -0.0 -0.0 -0.0 <END>
-0.0 495.0 377.31 315.0 -0.0 -0.0 -0.0 -0.0 -0.0 -0.0 <END>
-0.0 495.0 371.41 374.4 -0.0 -0.0 -0.0 -0.0 -0.0 -0.0 <END>
-0.0 495.0 388.9 434.7 -0.0 -0.0 -0.0 -0.0 -0.0 -0.0 <END>
-0.0 495.0 386.84 495.0 -0.0 -0.0 -0.0 -0.0 -0.0 -0.0 <END>
-0.0 495.0 374.95 254.7 -0.0 -0.0 -0.0 -0.0 -0.0 -0.0 <END>
-0.0 495.0 383.22 495.0 -0.0 -0.0 -0.0 -0.0 -0.0 -0.0 <END>
-0.0 495.0 381.9 495.0 -0.0 -0.0 -0.0 -0.0 -0.0 -0.0 <END>
-0.0 495.0 373.64 495.0 -0.0 -0.0 -0.0 -0.0 -0.0 -0.0 <END>
-0.0 495.0 368.84 194.4 -0.0 -0.0 -0.0 -0.0 -0.0 -0.0 <END>
-0.0 495.0 381.69 315.0 -0.0 -0.0 -0.0 -0.0 -0.0 -0.0 <END>
-0.0 495.0 370.73 193.5 -0.0 -0.0 -0.0 -0.0 -0.0 -0.0 <END>
-0.0 495.0 376.64 495.0 -0.0 -0.0 -0.0 -0.0 -0.0 -0.0 <END>
-0.0 495.0 371.38 495.0 -0.0 -0.0 -0.0 -0.0 -0.0 -0.0 <END>
-0.0 495.0 390.25 495.0 -0.0 -0.0 -0.0 -0.0 -0.0 -0.0 <END>
-0.0 495.0 371.08 495.0 -0.0 -0.0 -0.0 -0.0 -0.0 -0.0 <END>
-0.0 495.0 380.48 375.3 -0.0 -0.0 -0.0 -0.0 -0.0 -0.0 <END>
-0.0 495.0 385.26 375.3 -0.0 -0.0 -0.0 -0.0 -0.0 -0.0 <END>
-0.0 495.0 377.91 495.0 -0.0 -0.0 -0.0 -0.0 -0.0 -0.0 <END>
-0.0 495.0 375.37 196.2 -0.0 -0.0 -0.0 -0.0 -0.0 -0.0 <END>
-0.0 495.0 383.55 315.0 -0.0 -0.0 -0.0 -0.0 -0.0 -0.0 <END>
-0.0 495.0 371.27 495.0 -0.0 -0.0 -0.0 -0.0 -0.0 -0.0 <END>
-0.0 495.0 375.81 434.7 -0.0 -0.0 -0.0 -0.0 -0.0 -0.0 <END>
-0.0 495.0 377.33 254.7 -0.0 -0.0 -0.0 -0.0 -0.0 -0.0 <END>
-0.0 495.0 379.71 314.1 -0.0 -0.0 -0.0 -0.0 -0.0 -0.0 <END>
-0.0 495.0 385.88 495.0 -0.0 -0.0 -0.0 -0.0 -0.0 -0.0 <END>
-0.0 495.0 396.93 495.0 -0.0 -0.0 -0.0 -0.0 -0.0 -0.0 <END>
-0.0 495.0 375.79 495.0 -0.0 -0.0 -0.0 -0.0 -0.0 -0.0 <END>
-0.0 495.0 372.27 434.7 -0.0 -0.0 -0.0 -0.0 -0.0 -0.0 <END>
-0.0 495.0 383.76 253.8 -0.0 -0.0 -0.0 -0.0 -0.0 -0.0 <END>
-0.0 495.0 372.85 435.6 -0.0 -0.0 -0.0 -0.0 -0.0 -0.0 <END>
-0.0 495.0 386.29 434.7 -0.0 -0.0 -0.0 -0.0 -0.0 -0.0 <END>
-0.0 495.0 380.58 253.8 -0.0 -0.0 -0.0 -0.0 -0.0 -0.0 <END>
-0.0 495.0 383.04 495.0 -0.0 -0.0 -0.0 -0.0 -0.0 -0.0 <END>
-0.0 495.0 383.32 255.6 -0.0 -0.0 -0.0 -0.0 -0.0 -0.0 <END>
-0.0 495.0 372.87 314.1 -0.0 -0.0 -0.0 -0.0 -0.0 -0.0 <END>
-0.0 495.0 376.2 434.7 -0.0 -0.0 -0.0 -0.0 -0.0 -0.0 <END>
-0.0 495.0 380.8 434.7 -0.0 -0.0 -0.0 -0.0 -0.0 -0.0 <END>
-0.0 495.0 386.09 495.0 -0.0 -0.0 -0.0 -0.0 -0.0 -0.0 <END>
-0.0 495.0 376.93 434.7 -0.0 -0.0 -0.0 -0.0 -0.0 -0.0 <END>
-0.0 495.0 376.18 495.0 -0.0 -0.0 -0.0 -0.0 -0.0 -0.0 <END>
-0.0 495.0 381.26 495.0 -0.0 -0.0 -0.0 -0.0 -0.0 -0.0 <END>
-0.0 495.0 383.8 495.0 -0.0 -0.0 -0.0 -0.0 -0.0 -0.0 <END>
-0.0 495.0 382.96 434.7 -0.0 -0.0 -0.0 -0.0 -0.0 -0.0 <END>
-0.0 495.0 379.82 434.7 -0.0 -0.0 -0.0 -0.0 -0.0 -0.0 <END>
-0.0 495.0 385.98 495.0 -0.0 -0.0 -0.0 -0.0 -0.0 -0.0 <END>
-0.0 495.0 382.45 495.0 -0.0 -0.0 -0.0 -0.0 -0.0 -0.0 <END>
-0.0 495.0 385.12 434.7 -0.0 -0.0 -0.0 -0.0 -0.0 -0.0 <END>
-0.0 495.0 384.42 495.0 -0.0 -0.0 -0.0 -0.0 -0.0 -0.0 <END>
-0.0 495.0 396.09 495.0 -0.0 -0.0 -0.0 -0.0 -0.0 -0.0 <END>
-0.0 495.0 383.89 375.3 -0.0 -0.0 -0.0 -0.0 -0.0 -0.0 <END>
-0.0 495.0 381.9 495.0 -0.0 -0.0 -0.0 -0.0 -0.0 -0.0 <END>
-0.0 495.0 375.77 374.4 -0.0 -0.0 -0.0 -0.0 -0.0 -0.0 <END>
-0.0 495.0 385.4 315.0 -0.0 -0.0 -0.0 -0.0 -0.0 -0.0 <END>
-0.0 495.0 380.6 374.4 -0.0 -0.0 -0.0 -0.0 -0.0 -0.0 <END>
-0.0 495.0 390.27 495.0 -0.0 -0.0 -0.0 -0.0 -0.0 -0.0 <END>
-0.0 495.0 383.69 434.7 -0.0 -0.0 -0.0 -0.0 -0.0 -0.0 <END>
-0.0 495.0 388.49 495.0 -0.0 -0.0 -0.0 -0.0 -0.0 -0.0 <END>
-0.0 495.0 388.17 495.0 -0.0 -0.0 -0.0 -0.0 -0.0 -0.0 <END>
-0.0 495.0 384.72 495.0 -0.0 -0.0 -0.0 -0.0 -0.0 -0.0 <END>
-0.0 495.0 389.68 315.0 -0.0 -0.0 -0.0 -0.0 -0.0 -0.0 <END>
-0.0 495.0 382.63 435.6 -0.0 -0.0 -0.0 -0.0 -0.0 -0.0 <END>
-0.0 495.0 380.24 375.3 -0.0 -0.0 -0.0 -0.0 -0.0 -0.0 <END>
-0.0 495.0 382.32 495.0 -0.0 -0.0 -0.0 -0.0 -0.0 -0.0 <END>
-0.0 495.0 389.54 495.0 -0.0 -0.0 -0.0 -0.0 -0.0 -0.0 <END>
-0.0 495.0 390.66 435.6 -0.0 -0.0 -0.0 -0.0 -0.0 -0.0 <END>
-0.0 495.0 377.15 374.4 -0.0 -0.0 -0.0 -0.0 -0.0 -0.0 <END>
-0.0 495.0 396.05 495.0 -0.0 -0.0 -0.0 -0.0 -0.0 -0.0 <END>
-0.0 495.0 384.75 374.4 -0.0 -0.0 -0.0 -0.0 -0.0 -0.0 <END>
-0.0 495.0 389.06 375.3 -0.0 -0.0 -0.0 -0.0 -0.0 -0.0 <END>
-0.0 495.0 393.32 434.7 -0.0 -0.0 -0.0 -0.0 -0.0 -0.0 <END>
-0.0 495.0 388.6 253.8 -0.0 -0.0 -0.0 -0.0 -0.0 -0.0 <END>
-0.0 495.0 393.19 376.2 -0.0 -0.0 -0.0 -0.0 -0.0 -0.0 <END>
-0.0 495.0 386.92 252.9 -0.0 -0.0 -0.0 -0.0 -0.0 -0.0 <END>
-0.0 495.0 388.32 315.0 -0.0 -0.0 -0.0 -0.0 -0.0 -0.0 <END>
-0.0 495.0 376.67 315.0 -0.0 -0.0 -0.0 -0.0 -0.0 -0.0 <END>
-0.0 495.0 389.59 314.1 -0.0 -0.0 -0.0 -0.0 -0.0 -0.0 <END>
-0.0 495.0 384.63 315.0 -0.0 -0.0 -0.0 -0.0 -0.0 -0.0 <END>
-0.0 495.0 390.22 375.3 -0.0 -0.0 -0.0 -0.0 -0.0 -0.0 <END>
-0.0 495.0 389.19 374.4 -0.0 -0.0 -0.0 -0.0 -0.0 -0.0 <END>
-0.0 495.0 396.48 434.7 -0.0 -0.0 -0.0 -0.0 -0.0 -0.0 <END>
-0.0 495.0 392.53 495.0 -0.0 -0.0 -0.0 -0.0 -0.0 -0.0 <END>
-0.0 495.0 388.35 374.4 -0.0 -0.0 -0.0 -0.0 -0.0 -0.0 <END>
-0.0 495.0 397.04 495.0 -0.0 -0.0 -0.0 -0.0 -0.0 -0.0 <END>
-0.0 495.0 389.17 495.0 -0.0 -0.0 -0.0 -0.0 -0.0 -0.0 <END>
-0.0 495.0 396.57 435.6 -0.0 -0.0 -0.0 -0.0 -0.0 -0.0 <END>
-0.0 495.0 384.31 315.0 -0.0 -0.0 -0.0 -0.0 -0.0 -0.0 <END>
-0.0 495.0 390.36 253.8 -0.0 -0.0 -0.0 -0.0 -0.0 -0.0 <END>
-0.0 495.0 389.63 314.1 -0.0 -0.0 -0.0 -0.0 -0.0 -0.0 <END>
-0.0 495.0 388.29 375.3 -0.0 -0.0 -0.0 -0.0 -0.0 -0.0 <END>
-0.0 495.0 392.36 315.0 -0.0 -0.0 -0.0 -0.0 -0.0 -0.0 <END>
-0.0 495.0 406.1 495.0 -0.0 -0.0 -0.0 -0.0 -0.0 -0.0 <END>
-0.0 495.0 397.71 374.4 -0.0 -0.0 -0.0 -0.0 -0.0 -0.0 <END>
-0.0 495.0 399.07 375.3 -0.0 -0.0 -0.0 -0.0 -0.0 -0.0 <END>
-0.0 495.0 393.41 314.1 -0.0 -0.0 -0.0 -0.0 -0.0 -0.0 <END>
-0.0 495.0 402.27 495.0 -0.0 -0.0 -0.0 -0.0 -0.0 -0.0 <END>
-0.0 495.0 399.55 495.0 -0.0 -0.0 -0.0 -0.0 -0.0 -0.0 <END>
-0.0 495.0 386.41 434.7 -0.0 -0.0 -0.0 -0.0 -0.0 -0.0 <END>
-0.0 495.0 401.04 315.9 -0.0 -0.0 -0.0 -0.0 -0.0 -0.0 <END>
-0.0 495.0 391.64 314.1 -0.0 -0.0 -0.0 -0.0 -0.0 -0.0 <END>
-0.0 495.0 385.43 434.7 -0.0 -0.0 -0.0 -0.0 -0.0 -0.0 <END>
-0.0 495.0 397.87 495.0 -0.0 -0.0 -0.0 -0.0 -0.0 -0.0 <END>
-0.0 495.0 399.41 434.7 -0.0 -0.0 -0.0 -0.0 -0.0 -0.0 <END>
-0.0 495.0 402.99 495.0 -0.0 -0.0 -0.0 -0.0 -0.0 -0.0 <END>
-0.0 495.0 394.12 495.0 -0.0 -0.0 -0.0 -0.0 -0.0 -0.0 <END>
-0.0 495.0 398.22 374.4 -0.0 -0.0 -0.0 -0.0 -0.0 -0.0 <END>
-0.0 495.0 401.99 495.0 -0.0 -0.0 -0.0 -0.0 -0.0 -0.0 <END>
-0.0 495.0 402.23 374.4 -0.0 -0.0 -0.0 -0.0 -0.0 -0.0 <END>
-0.0 495.0 405.52 434.7 -0.0 -0.0 -0.0 -0.0 -0.0 -0.0 <END>
-0.0 495.0 400.13 495.0 -0.0 -0.0 -0.0 -0.0 -0.0 -0.0 <END>
-0.0 495.0 391.56 374.4 -0.0 -0.0 -0.0 -0.0 -0.0 -0.0 <END>
-0.0 495.0 397.44 495.0 -0.0 -0.0 -0.0 -0.0 -0.0 -0.0 <END>
-0.0 495.0 398.71 375.3 -0.0 -0.0 -0.0 -0.0 -0.0 -0.0 <END>
-0.0 495.0 398.26 375.3 -0.0 -0.0 -0.0 -0.0 -0.0 -0.0 <END>
-0.0 495.0 397.24 495.0 -0.0 -0.0 -0.0 -0.0 -0.0 -0.0 <END>
-0.0 495.0 395.61 495.0 -0.0 -0.0 -0.0 -0.0 -0.0 -0.0 <END>
