0.00022 2.89593 6.39664 0.96934 0.06796 0.02205 0.0032 0.00575 0.00501 0.00563 <END>
0.00716 2.71108 6.2719 1.57736 0.05789 0.00718 0.0039 0.00269 0.00624 0.0051 <END>
0.00771 2.86952 6.37257 1.59634 0.02968 0.00837 0.00606 0.00555 0.00499 0.00812 <END>
0.0071 2.73869 6.48671 1.857 0.07085 0.01623 0.00445 0.00701 0.00395 0.00492 <END>
0.00696 2.78539 6.45444 1.4967 0.02586 0.03093 0.00525 0.00125 0.00575 0.00641 <END>
0.00862 2.81874 6.31661 1.73505 0.08483 0.01596 0.00915 0.00418 0.00981 0.00461 <END>
0.00762 2.72495 6.42576 1.69377 0.05009 0.01574 0.02271 0.00794 0.01133 0.0079 <END>
0.00816 2.6842 6.30746 1.27737 0.08741 0.02154 0.03437 0.00629 0.01404 0.01101 <END>
0.01003 2.86999 6.48344 1.39978 0.07089 0.0125 0.00916 0.00633 0.00753 0.00501 <END>
0.00759 2.8824 6.52936 1.34384 0.05016 0.01782 0.00634 0.01034 0.00878 0.00394 <END>
0.00897 2.84485 6.31276 1.25913 0.11548 0.01602 0.00951 0.00466 0.00402 0.00393 <END>
0.00976 2.84306 6.28271 1.46522 0.09565 0.02409 0.00721 0.00766 0.00503 0.00916 <END>
0.01026 2.90208 6.34646 1.08519 0.11086 0.01608 0.03574 0.0056 0.01247 0.00652 <END>
0.00999 2.67959 6.34151 1.72153 0.06703 0.01382 0.01157 0.0051 0.00336 0.00706 <END>
0.00852 2.75621 6.30515 1.48584 0.08818 0.00737 0.02438 0.00992 0.00233 0.00359 <END>
0.00715 2.89307 6.40618 1.36985 0.08763 0.00899 0.00734 0.00635 0.00541 0.00328 <END>
0.00914 2.80414 6.26924 1.50792 0.02555 0.02128 0.01535 0.00711 0.00536 0.0086 <END>
0.00944 2.7499 6.37945 1.3821 0.08787 0.02698 0.00597 0.00874 0.00468 0.00841 <END>
0.00746 2.78821 6.36422 1.47996 0.049 0.05163 0.00655 0.01649 0.00664 0.01145 <END>
0.00744 2.75158 6.30537 1.45441 0.09644 0.0269 0.01915 0.00463 0.00276 0.0059 <END>
0.00786 2.82783 6.38779 1.3204 0.08853 0.01998 0.00449 0.00619 0.00328 0.00649 <END>
0.00786 2.85056 6.41012 1.48815 0.09646 0.01919 0.01496 0.00299 0.01216 0.00775 <END>
0.00825 2.80622 6.51897 1.43885 0.08911 0.01112 0.02452 0.00647 0.01292 0.00431 <END>
0.01128 2.71639 6.28986 1.18206 0.03152 0.01187 0.01163 0.00386 0.00679 0.00324 <END>
0.00785 2.77195 6.3353 1.16433 0.02019 0.05101 0.01401 0.0062 0.00398 0.00374 <END>
0.00726 2.82313 6.35501 1.2497 0.05396 0.04849 0.02248 0.01509 0.00888 0.00543 <END>
0.0073 2.85303 6.21099 1.12515 0.02739 0.04555 0.03675 0.00556 0.01092 0.00998 <END>
0.00852 2.60966 6.15308 1.0873 0.03717 0.03297 0.02641 0.00279 0.00919 0.00273 <END>
0.0077 2.84438 6.34531 1.21172 0.07186 0.00672 0.0085 0.00857 0.00371 0.00615 <END>
0.00892 2.87566 6.37218 1.08164 0.03349 0.04675 0.02699 0.01358 0.01594 0.00377 <END>
0.01276 2.84886 6.34272 1.04234 0.05427 0.02719 0.04461 0.0235 0.00426 0.01495 <END>
0.00906 2.68241 6.41981 1.3282 0.07847 0.00448 0.0063 0.01018 0.00438 0.00816 <END>
0.01022 2.75646 6.41337 1.06387 0.08431 0.00695 0.00457 0.0078 0.00684 0.0054 <END>
0.00964 2.71712 6.38752 1.36577 0.11521 0.01291 0.0205 0.00622 0.006 0.0056 <END>
0.00759 2.85282 6.40231 1.32169 0.09186 0.02958 0.00679 0.00713 0.00518 0.00438 <END>
0.00893 2.68809 6.22035 1.16764 0.09296 0.03134 0.00309 0.00344 0.00379 0.00466 <END>
0.00659 2.77453 6.27943 1.27097 0.09449 0.02325 0.03091 0.00641 0.01105 0.00389 <END>
0.01004 2.87495 6.32147 1.14923 0.09495 0.02009 0.0339 0.01861 0.01205 0.00558 <END>
0.00794 2.95962 6.46057 0.98183 0.07604 0.01963 0.00885 0.00584 0.00782 0.00429 <END>
0.00848 2.82174 6.35566 1.05878 0.0339 0.01031 0.00783 0.00495 0.00427 0.00874 <END>
0.00703 2.86952 6.43038 1.30304 0.05329 0.01703 0.00926 0.00775 0.00974 0.00457 <END>
0.00954 2.82553 6.30544 0.92577 0.09578 0.01856 0.01655 0.00967 0.00536 0.00527 <END>
0.00798 2.88335 6.33369 0.80966 0.07081 0.0237 0.01082 0.00419 0.00161 0.00363 <END>
0.0078 2.76213 6.24758 1.08972 0.04168 0.03413 0.02949 0.00642 0.00496 0.00634 <END>
0.00948 2.90589 6.40287 1.26573 0.07481 0.01516 0.00627 0.00735 0.0066 0.00617 <END>
0.00708 3.0103 6.47011 0.90647 0.10027 0.00395 0.03233 0.00976 0.00617 0.00477 <END>
0.00748 2.83472 6.2955 1.07175 0.02808 0.05224 0.00564 0.0192 0.00756 0.00512 <END>
0.00772 2.84971 6.29844 1.05697 0.02574 0.04601 0.01237 0.0065 0.00553 0.00731 <END>
0.00877 2.93327 6.43335 1.00168 0.05921 0.01718 0.00611 0.00437 0.00592 0.00862 <END>
0.01087 2.89073 6.3214 1.17596 0.05051 0.01596 0.01536 0.00574 0.00298 0.00736 <END>
0.00704 2.78125 6.27801 0.71419 0.11 0.02522 0.02218 0.01515 0.00731 0.01365 <END>
0.01062 2.91839 6.28616 1.00665 0.03096 0.02997 0.0146 0.00578 0.00501 0.00881 <END>
0.00818 2.66759 6.21258 1.42558 0.10784 0.02243 0.0263 0.01464 0.00405 0.00437 <END>
0.0098 2.83208 6.1888 1.24125 0.07667 0.03755 0.0258 0.00248 0.00481 0.00471 <END>
0.00865 2.70164 6.15699 0.51336 0.09056 0.00961 0.01929 0.01008 0.005 0.00948 <END>
0.00956 2.73129 6.17392 1.44218 0.09463 0.04895 0.01824 0.00488 0.00944 0.00864 <END>
0.01215 2.86772 6.17563 1.20867 0.06954 0.02018 0.01919 0.00723 0.00528 0.00505 <END>
0.0071 2.89064 6.33312 1.12546 0.02476 0.03947 0.02049 0.00726 0.01104 0.0054 <END>
0.01147 3.10669 6.33026 0.81055 0.09821 0.0233 0.00757 0.00538 0.00482 0.00414 <END>
0.01064 2.92944 6.25964 0.34754 0.04101 0.01739 0.01401 0.00623 0.00871 0.0081 <END>
0.00808 2.67605 6.18852 0.91191 0.04072 0.0496 0.01757 0.00478 0.00401 0.00677 <END>
0.00966 2.84888 6.34246 0.87842 0.06496 0.00809 0.0089 0.0069 0.00545 0.00406 <END>
0.00833 2.79328 6.23435 0.96192 0.01385 0.01678 0.01342 0.00441 0.00569 0.00814 <END>
0.00786 2.73038 6.37459 0.94923 0.10171 0.04876 0.0276 0.02454 0.0079 0.0057 <END>
0.00455 2.85814 6.22197 1.26751 0.08427 0.01029 0.01041 0.00693 0.00548 0.00503 <END>
0.00835 2.82476 6.2074 0.50294 0.0183 0.03258 0.01836 0.01208 0.00561 0.0064 <END>
0.00855 2.93632 6.3245 0.64121 0.03896 0.06697 0.00392 0.01797 0.01256 0.01778 <END>
0.00599 2.84446 6.30771 1.08798 0.05837 0.03492 0.00692 0.01148 0.00381 0.00737 <END>
0.0076 2.81318 6.40036 1.11164 0.02112 0.03267 0.00561 0.00426 0.00677 0.00686 <END>
0.00779 2.93693 6.2743 0.70745 0.03382 0.0492 0.01147 0.00985 0.00436 0.0056 <END>
0.01192 2.81245 6.17669 0.87222 0.06638 0.04527 0.0194 0.0052 0.00763 0.00745 <END>
0.01016 2.83406 6.15356 1.23762 0.08504 0.0072 0.00745 0.00198 0.00833 0.00676 <END>
0.00958 2.77855 6.31328 0.89497 0.07791 0.03856 0.00535 0.01272 0.00622 0.00607 <END>
0.00723 2.86717 6.2821 0.8056 0.11107 0.0486 0.02019 0.00543 0.00834 0.00801 <END>
0.00713 2.88828 6.21092 0.45982 0.06556 0.02905 0.00863 0.00797 0.00579 0.00648 <END>
0.00935 2.83756 6.22522 0.85653 0.08992 0.04923 0.00987 0.01542 0.00631 0.0082 <END>
0.00787 2.84363 6.24473 0.36886 0.00969 0.02998 0.01436 0.00566 0.01318 0.00734 <END>
0.0093 2.98667 6.1998 0.2335 0.01773 0.01006 0.00611 0.00562 0.00661 0.00354 <END>
0.00866 2.68117 6.16946 0.48078 0.07103 0.00705 0.00721 0.0062 0.00504 0.00329 <END>
0.01138 2.89039 6.2162 0.71269 0.05999 0.02904 0.00803 0.00749 0.00945 0.00551 <END>
0.00648 2.85035 6.22508 0.32185 0.07677 0.00582 0.00978 0.00941 0.00759 0.0042 <END>
0.01068 2.73725 6.22616 0.50297 0.01842 0.02697 0.02668 0.00835 0.00214 0.00627 <END>
0.00688 2.82676 6.20534 0.71491 0.10367 0.01829 0.03252 0.0045 0.01734 0.00429 <END>
0.00625 2.95226 6.21781 0.45648 0.02614 0.05157 0.01716 0.01564 0.01734 0.00502 <END>
0.00686 2.75817 6.20556 0.50786 0.01885 0.06641 0.0217 0.02394 0.02162 0.00453 <END>
0.00755 2.86476 6.12898 0.6096 0.07882 0.0278 0.006 0.01163 0.00356 0.00813 <END>
0.00874 2.8862 6.22425 0.87207 0.0275 0.00444 0.00386 0.00868 0.00643 0.00679 <END>
0.00756 2.86622 6.2084 0.99325 0.06194 0.0478 0.00579 0.00419 0.00485 0.00481 <END>
0.00747 2.66403 6.13905 0.97244 0.02758 0.02566 0.01146 0.01134 0.00442 0.00537 <END>
0.00708 2.85239 6.19908 1.10889 0.05653 0.00955 0.00898 0.00662 0.00418 0.00352 <END>
0.00995 2.79002 6.11004 0.41415 0.01107 0.01163 0.00841 0.00877 0.00704 0.00677 <END>
0.0079 2.68846 6.19291 0.84254 0.0878 0.04133 0.0109 0.00479 0.00454 0.00836 <END>
0.00967 2.85609 6.12087 0.49639 0.0456 0.00453 0.01139 0.00421 0.0056 0.00338 <END>
0.00724 2.83594 6.14229 0.41643 0.02323 0.03718 0.02742 0.00488 0.01152 0.01007 <END>
0.01066 2.83713 6.14939 0.98205 0.08309 0.02111 0.01759 0.00839 0.00525 0.00446 <END>
0.00774 2.69173 6.061 0.88146 0.04257 0.02476 0.01673 0.00726 0.00968 0.00368 <END>
0.01055 2.75378 6.16402 0.54299 0.0665 0.00554 0.01947 0.00481 0.0047 0.00905 <END>
0.0104 2.57634 6.05297 0.42656 0.06648 0.01724 0.00393 0.0044 0.01201 0.006 <END>
0.00748 2.65925 6.13872 0.90076 0.10525 0.01732 0.03063 0.00983 0.00502 0.00544 <END>
0.0129 2.80501 6.14292 0.89365 0.07411 0.04406 0.01904 0.00774 0.00932 0.00772 <END>
0.00888 2.73475 6.10756 0.37647 0.01472 0.01711 0.00698 0.00413 0.00298 0.00483 <END>
0.00935 2.79247 6.10698 0.67719 0.06063 0.03959 0.02453 0.00903 0.00831 0.00538 <END>
0.00933 2.88519 6.08406 0.16694 0.04183 0.0204 0.00329 0.00771 0.00737 0.00326 <END>
0.00845 2.86395 6.05944 0.79963 0.07167 0.02711 0.00521 0.00384 0.004 0.00351 <END>
0.00758 2.76434 6.0704 0.4233 0.01943 0.02092 0.01554 0.00527 0.00993 0.00694 <END>
0.00799 2.85445 6.04891 0.28453 0.08213 0.01516 0.02285 0.00113 0.00582 0.00697 <END>
0.00777 2.5705 6.11708 0.76345 0.07029 0.00419 0.02076 0.01367 0.00256 0.00526 <END>
0.00689 2.76963 6.08661 1.01401 0.0765 0.02427 0.01983 0.00845 0.00317 0.00571 <END>
0.01175 2.91513 6.05038 0.24514 0.05851 0.01499 0.00691 0.00641 0.00617 0.00867 <END>
0.00958 2.62262 6.10735 0.77853 0.06912 0.03089 0.02595 0.00375 0.01026 0.0068 <END>
0.00989 2.6728 6.08519 0.71355 0.03752 0.04489 0.02388 0.01881 0.00426 0.00435 <END>
0.01217 2.79625 6.08208 0.17978 0.02873 0.0082 0.00543 0.00843 0.00794 0.00401 <END>
0.00731 2.72672 6.06158 0.04731 0.02341 0.00548 0.00713 0.008 0.00485 0.00482 <END>
0.00757 2.83273 6.02205 0.06388 0.01254 0.00631 0.00655 0.00726 0.00493 0.00787 <END>
0.00763 2.75757 6.0584 0.22344 0.04666 0.01142 0.01234 0.01726 0.00923 0.01103 <END>
0.01113 2.67091 6.06988 0.29325 0.02576 0.01073 0.0107 0.00554 0.00825 0.00673 <END>
0.00927 2.72363 6.10209 0.60738 0.01516 0.07866 0.00738 0.02956 0.02236 0.00229 <END>
0.01036 2.79896 6.04536 0.05653 0.01653 0.00698 0.00565 0.00861 0.00849 0.00517 <END>
0.00712 2.73343 6.04686 0.28276 0.0379 0.03958 0.01512 0.00412 0.0018 0.00722 <END>
0.00861 2.64358 5.96742 0.2008 0.01398 0.00524 0.008 0.00638 0.0043 0.00797 <END>
0.00674 2.62979 6.06955 0.19057 0.02931 0.00545 0.00862 0.00729 0.00409 0.00788 <END>
0.00694 2.84152 5.96408 0.09161 0.01417 0.01805 0.00367 0.00794 0.00593 0.00829 <END>
0.00824 2.63582 5.95426 0.30237 0.02972 0.02459 0.02423 0.00801 0.014 0.0084 <END>
0.01004 2.70918 6.05446 0.25705 0.05359 0.02653 0.00909 0.0092 0.0036 0.00448 <END>
0.00815 2.49267 5.99182 0.20017 0.02978 0.0241 0.00431 0.00609 0.00669 0.00457 <END>
0.00659 2.58869 5.96774 0.49593 0.0506 0.01253 0.02272 0.00502 0.00949 0.00437 <END>
0.00777 2.74203 5.95859 0.55556 0.01556 0.05139 0.00765 0.01254 0.01023 0.00569 <END>
0.00975 2.62893 5.96423 0.03348 0.02775 0.00455 0.00432 0.00733 0.00684 0.00466 <END>
0.00768 2.73368 6.00218 0.25956 0.07145 0.00699 0.02456 0.00749 0.00279 0.00876 <END>
0.00808 2.83235 5.96245 0.58191 0.04174 0.00897 0.0103 0.00917 0.00268 0.00603 <END>
0.00821 2.74186 5.93395 0.10409 0.01473 0.00869 0.00799 0.00342 0.00667 0.00921 <END>
0.00774 2.80939 5.97435 0.4237 0.03065 0.0093 0.01103 0.00739 0.00387 0.00488 <END>
0.00858 2.78795 5.98245 0.57124 0.02064 0.02245 0.00817 0.00465 0.00483 0.00736 <END>
0.00933 2.63481 5.96006 0.35442 0.02717 0.03565 0.01975 0.0161 0.00457 0.00663 <END>
0.00766 2.79228 5.89501 0.36707 0.08368 0.00658 0.02351 0.0032 0.00942 0.00982 <END>
0.00697 2.72909 5.94038 0.35051 0.10152 0.02274 0.01655 0.008 0.00464 0.00315 <END>
0.00778 2.83153 5.90302 0.40201 0.05311 0.01881 0.00524 0.00404 0.00523 0.00413 <END>
0.00795 2.67147 5.96129 0.5881 0.08075 0.01131 0.02876 0.00418 0.0052 0.00342 <END>
0.00842 2.61218 5.91394 0.05328 0.0096 0.00864 0.0052 0.00604 0.00725 0.00621 <END>
0.00936 2.77283 5.95315 0.86635 0.04451 0.02812 0.01688 0.00343 0.00551 0.00893 <END>
0.00885 2.67342 5.87886 0.09144 0.01118 0.01492 0.00308 0.00412 0.0077 0.00707 <END>
0.0096 2.62184 5.89878 0.01635 0.02715 0.01721 0.00702 0.00639 0.00532 0.00689 <END>
0.00799 2.73061 5.8059 0.03177 0.01139 0.00844 0.00599 0.00755 0.0073 0.0035 <END>
0.00929 2.84466 5.87308 0.40797 0.04191 0.03067 0.00501 0.00347 0.00719 0.00425 <END>
0.00917 2.67862 5.92302 0.42935 0.07663 0.04898 0.03828 0.01203 0.02171 0.0062 <END>
0.01511 2.73535 5.89174 0.48449 0.08604 0.02186 0.02812 0.0134 0.0171 0.00518 <END>
0.01062 2.7499 5.87682 0.10449 0.01198 0.00469 0.00486 0.00643 0.00517 0.00397 <END>
0.00722 2.90081 5.83458 0.11601 0.00296 0.00884 0.00289 0.00333 0.00757 0.00729 <END>
0.01093 2.68104 5.92274 0.29649 0.00791 0.01355 0.00624 0.00777 0.00395 0.00708 <END>
0.00971 2.84701 5.80663 0.0711 0.01129 0.00705 0.00699 0.00429 0.0078 0.00656 <END>
0.00968 2.69966 5.84478 0.24746 0.06867 0.01008 0.00635 0.01187 0.00869 0.00731 <END>
0.00726 2.71315 5.84776 0.32597 0.06677 0.01442 0.01359 0.00595 0.0065 0.00748 <END>
0.00875 2.73736 5.82107 0.16576 0.04256 0.04117 0.01085 0.01171 0.00514 0.012 <END>
0.00818 2.65611 5.86433 0.24051 0.05801 0.03832 0.00826 0.01689 0.01039 0.011 <END>
0.00508 2.61747 5.85961 0.39408 0.07352 0.01945 0.014 0.00668 0.00632 0.01006 <END>
0.00727 2.77311 5.79225 0.10403 0.02765 0.00496 0.0048 0.00623 0.00833 0.0041 <END>
0.00837 2.78514 5.80697 0.0931 0.02701 0.02536 0.00953 0.00883 0.01349 0.00568 <END>
0.00719 2.71835 5.80909 0.08408 0.00702 0.01736 0.00873 0.00683 0.00459 0.00763 <END>
0.00987 2.65536 5.80725 0.30412 0.08992 0.04032 0.01286 0.02383 0.00204 0.01054 <END>
0.00793 2.62804 5.8162 0.06164 0.02062 0.00552 0.00667 0.00391 0.00592 0.00652 <END>
0.00941 2.59384 5.79682 0.21612 0.03437 0.00326 0.01276 0.0103 0.00416 0.0049 <END>
0.0117 2.65486 5.77931 0.10947 0.01896 0.00578 0.00616 0.0062 0.00526 0.00702 <END>
0.0096 2.81694 5.74082 0.07119 0.00781 0.00543 0.00643 0.00771 0.00563 0.00563 <END>
0.00918 2.61905 5.80305 0.54102 0.01296 0.01608 0.0152 0.01259 0.00583 0.0035 <END>
0.00841 2.74121 5.75046 0.06006 0.02681 0.01072 0.00544 0.00564 0.00707 0.00709 <END>
0.00764 2.55472 5.7782 0.3089 0.02561 0.00888 0.00998 0.00527 0.00612 0.00741 <END>
0.01038 2.63702 5.7895 0.27388 0.05669 0.01864 0.01216 0.00612 0.00511 0.00337 <END>
0.00915 2.64308 5.7548 0.12161 0.00757 0.00605 0.011 0.00442 0.00499 0.00606 <END>
0.01052 2.72593 5.73867 0.51497 0.04897 0.02004 0.01829 0.00841 0.0111 0.00632 <END>
0.00903 2.76139 5.67812 0.1208 0.0264 0.00906 0.00609 0.00726 0.00722 0.00676 <END>
0.00803 2.83355 5.67704 0.10731 0.01137 0.00943 0.00907 0.00423 0.00777 0.00454 <END>
0.0096 2.85923 5.63143 0.04449 0.00881 0.01569 0.00472 0.00967 0.00734 0.0067 <END>
0.00809 2.68394 5.71151 0.0991 0.00667 0.0164 0.01017 0.00421 0.00367 0.00596 <END>
0.00664 2.88653 5.58763 0.08774 0.00728 0.0142 0.01378 0.00746 0.00343 0.00806 <END>
0.01066 2.7725 5.61008 0.09856 0.00892 0.006 0.00751 0.00385 0.00359 0.00326 <END>
0.00912 2.7701 5.68377 0.1028 0.0097 0.00489 0.00919 0.00629 0.00687 0.00553 <END>
0.00774 2.76546 5.67318 0.13316 0.01768 0.00996 0.00695 0.00899 0.00701 0.0032 <END>
0.00976 2.58919 5.71893 0.0908 0.01091 0.0081 0.00801 0.00491 0.00614 0.00437 <END>
0.00737 2.7853 5.60155 0.10532 0.02526 0.00807 0.00591 0.00862 0.00791 0.00391 <END>
0.0073 2.71298 5.62787 0.09343 0.00874 0.00528 0.00424 0.00496 0.00907 0.00586 <END>
0.00741 2.73917 5.61016 0.11625 0.00809 0.02807 0.00375 0.00558 0.00833 0.00875 <END>
0.00733 2.64573 5.61519 0.06243 0.00579 0.00571 0.01094 0.01119 0.00979 0.00293 <END>
0.00919 2.70296 5.6099 0.16856 0.0026 0.01699 0.00508 0.00297 0.00719 0.00726 <END>
0.00811 2.56425 5.61864 0.1428 0.04804 0.00858 0.01227 0.00456 0.00523 0.00736 <END>
0.01113 2.6925 5.60499 0.14807 0.05785 0.00806 0.01728 0.00766 0.00561 0.00823 <END>
0.01002 2.81913 5.57876 0.07184 0.00572 0.01176 0.00458 0.00913 0.00612 0.00673 <END>
0.00975 2.81445 5.46063 0.06757 0.01201 0.0053 0.00517 0.00959 0.00377 0.00354 <END>
0.00937 2.66735 5.52754 0.07208 0.03408 0.01675 0.00637 0.00328 0.00704 0.00685 <END>
0.0071 2.75822 5.4748 0.05978 0.01 0.00361 0.00612 0.00704 0.00653 0.00711 <END>
0.00798 2.70726 5.54414 0.14293 0.01344 0.01545 0.00537 0.00618 0.00357 0.00522 <END>
0.00885 2.84092 5.49751 0.12048 0.01664 0.01981 0.01019 0.00676 0.00615 0.00723 <END>
0.00972 2.8195 5.51315 0.10924 0.01467 0.02044 0.00362 0.01031 0.01111 0.00739 <END>
0.00928 2.57464 5.60121 0.13058 0.00876 0.00424 0.01176 0.00819 0.00688 0.00345 <END>
0.00743 2.65603 5.50209 0.2775 0.06064 0.01071 0.01111 0.01934 0.00235 0.00499 <END>
0.00928 2.68214 5.53168 0.14501 0.04571 0.02352 0.01956 0.01081 0.01096 0.00408 <END>
0.0068 2.75387 5.51539 0.11902 0.00594 0.00616 0.01037 0.00823 0.00531 0.0068 <END>
0.00829 2.82536 5.33851 0.06162 0.00422 0.0075 0.00757 0.00387 0.00654 0.00727 <END>
0.00818 2.78134 5.49382 0.13674 0.01771 0.01011 0.00503 0.00605 0.00776 0.00708 <END>
0.0086 2.59531 5.49738 0.1087 0.02749 0.00722 0.00945 0.00673 0.00519 0.00595 <END>
0.00777 2.62947 5.50009 0.07747 0.00787 0.01052 0.00571 0.00786 0.00416 0.00721 <END>
0.00987 2.84425 5.31005 0.05962 0.01096 0.00399 0.00534 0.0032 0.00787 0.00689 <END>
0.00745 2.57391 5.50131 0.13049 0.05803 0.00697 0.00996 0.00778 0.00471 0.00497 <END>
0.00756 2.79799 5.38181 0.07378 0.00816 0.00401 0.00439 0.00407 0.00605 0.00755 <END>
0.00683 2.74665 5.40064 0.05414 0.01497 0.00748 0.00809 0.01093 0.00602 0.00423 <END>
0.00803 2.58131 5.54318 0.11809 0.02741 0.00947 0.00621 0.00409 0.00392 0.00376 <END>
0.00739 2.75979 5.42623 0.13129 0.03603 0.04629 0.0076 0.01251 0.00493 0.00454 <END>
0.00819 2.66592 5.43898 0.08914 0.01545 0.00501 0.00521 0.0054 0.0064 0.00588 <END>
0.00714 2.70565 5.43353 0.16666 0.00525 0.02983 0.00256 0.00269 0.00978 0.0025 <END>
0.00969 2.67505 5.36626 0.10555 0.05734 0.01757 0.00741 0.00905 0.00423 0.00575 <END>
0.00869 2.79693 5.14183 0.08706 0.01532 0.00463 0.00355 0.00726 0.00481 0.00389 <END>
0.00975 2.71228 5.34789 0.07863 0.01012 0.0068 0.00567 0.00706 0.00408 0.00699 <END>
0.00988 2.75949 5.30486 0.06316 0.0096 0.00516 0.00465 0.00763 0.00569 0.00338 <END>
0.00983 2.77366 5.23292 0.07103 0.00772 0.00588 0.00699 0.00348 0.00545 0.00752 <END>
0.0076 2.74642 5.28018 0.0483 0.01183 0.00763 0.00963 0.00437 0.00302 0.0088 <END>
0.00766 2.66817 5.39781 0.12287 0.02912 0.01267 0.00246 0.00793 0.00718 0.0077 <END>
0.01001 2.74001 5.29637 0.09665 0.01582 0.007 0.00874 0.00606 0.0079 0.00789 <END>
0.00868 2.82972 5.22479 0.1012 0.03996 0.01379 0.00589 0.00413 0.00632 0.00728 <END>
0.00787 2.65356 5.39514 0.13613 0.02462 0.02726 0.01508 0.0129 0.00545 0.01199 <END>
0.00921 2.82298 5.16801 0.11669 0.00798 0.01813 0.00632 0.00613 0.00576 0.0056 <END>
0.00978 2.64736 5.32115 0.11362 0.02061 0.01201 0.00469 0.00955 0.00491 0.0054 <END>
0.00957 2.75098 5.12235 0.09726 0.00706 0.00689 0.00638 0.00837 0.00801 0.00378 <END>
0.009 2.69456 5.25913 0.11995 0.04744 0.01672 0.00557 0.0084 0.00308 0.00402 <END>
0.00802 2.69331 5.21054 0.07047 0.00922 0.00631 0.0062 0.00591 0.00761 0.00478 <END>
0.00679 2.84251 5.14564 0.09657 0.0352 0.00889 0.00975 0.01006 0.00685 0.00659 <END>
0.00893 2.78038 5.14632 0.09937 0.01403 0.01244 0.01075 0.00618 0.00728 0.0066 <END>
0.00964 2.49136 5.32188 0.36376 0.00635 0.01462 0.01277 0.00519 0.00809 0.00584 <END>
0.00948 2.74502 5.18479 0.1038 0.03124 0.00751 0.00884 0.00515 0.00471 0.00328 <END>
0.00906 2.64304 5.21079 0.05937 0.01969 0.00627 0.00498 0.00805 0.00566 0.00571 <END>
0.00909 2.77427 5.12667 0.0863 0.02206 0.00298 0.01243 0.00913 0.00706 0.00605 <END>
0.01029 2.60813 5.26671 0.11165 0.05953 0.01386 0.00502 0.00858 0.01039 0.00876 <END>
0.01161 2.60537 5.28436 0.16723 0.04781 0.01317 0.01748 0.00741 0.01157 0.00412 <END>
0.01008 2.81989 4.96714 0.11258 0.01758 0.02088 0.0143 0.00409 0.00364 0.0045 <END>
0.00762 2.5744 5.27145 0.11437 0.01251 0.0052 0.01199 0.01174 0.00714 0.00388 <END>
0.00969 2.6639 5.10557 0.12313 0.01731 0.01099 0.00755 0.00777 0.00481 0.00804 <END>
0.0092 2.78722 4.91968 0.08823 0.0204 0.0185 0.01013 0.00603 0.00532 0.00623 <END>
0.00909 2.58716 5.12405 0.12243 0.01547 0.01431 0.01393 0.0086 0.0032 0.00845 <END>
0.00804 2.64585 5.13925 0.13074 0.02344 0.01988 0.01089 0.0058 0.00461 0.00829 <END>
0.00952 2.72377 5.13221 0.09591 0.05513 0.00467 0.00509 0.00466 0.00751 0.00752 <END>
0.00963 2.72674 5.03637 0.15422 0.00515 0.02852 0.00428 0.01418 0.00521 0.01225 <END>
0.00855 2.68814 5.04612 0.0863 0.01321 0.01064 0.01273 0.00672 0.00466 0.00758 <END>
0.0079 2.68294 5.06836 0.09998 0.03334 0.00555 0.0083 0.00349 0.00828 0.00674 <END>
0.00776 2.70488 5.08883 0.10003 0.02986 0.01455 0.00499 0.00734 0.00633 0.00789 <END>
0.00674 2.62977 5.13421 0.12478 0.03041 0.02066 0.00487 0.01418 0.00267 0.00767 <END>
0.00699 2.67629 5.02845 0.12544 0.03546 0.0037 0.00944 0.003 0.00907 0.00696 <END>
0.00695 2.74375 4.91074 0.12736 0.04864 0.02167 0.00732 0.0034 0.00827 0.00602 <END>
0.00825 2.66243 4.9885 0.1264 0.02852 0.03748 0.01206 0.01217 0.00531 0.00367 <END>
0.00766 2.74138 4.948 0.12398 0.05396 0.01596 0.00903 0.00541 0.00478 0.00293 <END>
0.00794 2.61592 4.9605 0.09402 0.01419 0.0224 0.00421 0.01775 0.00946 0.00747 <END>
0.0078 2.79151 4.84356 0.09712 0.09874 0.01797 0.01049 0.0129 0.0035 0.00299 <END>
0.00772 2.73691 4.90973 0.25436 0.12298 0.01921 0.03093 0.02054 0.00695 0.00428 <END>
