0.00007 1.94837 1.95145 1.97407 1.48576 0.99114 0.66365 0.36803 0.32102 0.01081 0.02242 0.00881 <END>
0.00127 1.83841 1.99009 1.9843 1.49581 1.00117 0.67703 0.46188 0.32742 0.06707 0.01555 0.00225 <END>
0.00163 1.83102 1.96337 1.98497 1.48706 0.99254 0.67395 0.45528 0.34296 0.02336 0.00484 0.00551 <END>
0.00457 1.7736 1.96736 1.96513 1.48902 0.9965 0.67719 0.47845 0.35633 0.00693 0.00916 0.00264 <END>
0.00076 1.86729 1.96395 1.97923 1.48979 0.98321 0.65506 0.33754 0.32797 0.00565 0.00483 0.00167 <END>
0.00081 1.83749 1.95281 1.98756 1.46105 0.99848 0.66805 0.33038 0.26549 0.0159 0.00494 0.00084 <END>
0.00069 1.74697 1.95492 1.99199 1.49043 0.99408 0.67515 0.35667 0.33378 0.01445 0.00587 0.00236 <END>
0.00091 1.86652 1.96666 1.96092 1.45405 0.98353 0.67325 0.47872 0.35491 0.03302 0.00506 0.01097 <END>
0.00308 1.68028 1.96391 1.98331 1.49608 0.99957 0.66818 0.46868 0.31386 0.04723 0.00119 0.00779 <END>
0.00061 1.81432 1.95519 1.96981 1.44103 0.97068 0.65039 0.23766 0.06918 0.00827 0.00878 0.00366 <END>
0.00201 1.91006 1.95951 1.98727 1.44492 0.97513 0.65865 0.2251 0.3499 0.05859 0.02279 0.00137 <END>
0.00154 1.8024 1.9644 1.98535 1.45104 0.97606 0.66418 0.2378 0.34503 0.0858 0.0132 0.03285 <END>
0.01172 1.71199 1.9595 1.9907 1.46502 0.99438 0.67007 0.3515 0.34898 0.0427 0.01969 0.00718 <END>
0.00268 1.72559 1.95917 1.96846 1.46815 0.9709 0.66343 0.22277 0.34413 0.07409 0.02966 0.0185 <END>
0.0053 1.71909 1.96319 1.97992 1.45721 0.98501 0.65702 0.33242 0.28274 0.01414 0.00281 0.00213 <END>
0.00065 1.87047 1.97061 1.97754 1.43952 0.96474 0.65599 0.22921 0.28455 0.02416 0.00664 0.00052 <END>
0.00043 1.88003 1.97939 1.97575 1.40685 0.93576 0.63031 0.23858 0.0563 0.01079 0.00363 0.00114 <END>
0.00295 1.85192 1.94268 1.99572 1.43513 0.96417 0.65228 0.22934 0.27858 0.03216 0.005 0.00354 <END>
0.00105 1.7805 1.97146 1.97921 1.43986 0.97969 0.64856 0.21657 0.32813 0.02084 0.00864 0.00262 <END>
0.00071 1.84219 1.98252 1.97268 1.42924 0.96364 0.64656 0.23239 0.27285 0.05245 0.0115 0.00393 <END>
0.0015 1.76587 1.95934 1.97365 1.40415 0.95256 0.64726 0.21897 0.10155 0.02522 0.0069 0.00296 <END>
0.0016 1.81221 1.98992 1.96002 1.43088 0.96269 0.64445 0.23509 0.13974 0.03349 0.00682 0.00065 <END>
0.00134 1.75112 1.96586 1.96606 1.46213 0.97798 0.66286 0.35845 0.34554 0.0674 0.05288 0.01118 <END>
0.00491 1.81773 1.95661 1.97988 1.42556 0.95583 0.64171 0.24014 0.26515 0.06001 0.00786 0.00083 <END>
0.00252 1.68557 1.96463 1.98051 1.41381 0.96408 0.64242 0.21563 0.25456 0.04909 0.01117 0.00514 <END>
0.00231 1.69793 1.97845 1.98359 1.44072 0.97462 0.64223 0.22616 0.26292 0.07613 0.01784 0.00881 <END>
0.00114 1.72374 1.96659 1.97176 1.43433 0.96296 0.64384 0.22225 0.25777 0.07136 0.00709 0.01798 <END>
0.01038 1.7348 1.96463 1.98002 1.42967 0.96848 0.6383 0.22728 0.274 0.02446 0.00453 0.00251 <END>
0.00168 1.69029 1.96166 1.98081 1.43578 0.96321 0.63957 0.24142 0.13418 0.00515 0.01402 0.00221 <END>
0.00453 1.79249 1.97739 1.96887 1.40962 0.95116 0.63214 0.21749 0.06114 0.01744 0.01244 0.0028 <END>
0.00421 1.79975 1.95562 1.97318 1.39105 0.93995 0.63038 0.26335 0.07097 0.01042 0.00115 0.00137 <END>
0.00041 1.78644 1.97577 1.96339 1.42594 0.95205 0.63462 0.23632 0.05365 0.01652 0.00316 0.00132 <END>
0.00072 1.72076 1.97259 1.99276 1.42891 0.95057 0.64167 0.20425 0.1339 0.0295 0.00857 0.00666 <END>
0.00254 1.79776 1.9508 1.98804 1.40471 0.93332 0.63604 0.21909 0.10357 0.01013 0.00462 0.00221 <END>
0.00048 1.90938 1.97407 1.97221 1.3735 0.91609 0.61127 0.24592 0.08542 0.00761 0.00168 0.00074 <END>
0.00061 1.77433 1.97009 1.98498 1.40969 0.94115 0.62414 0.25327 0.07982 0.02695 0.02725 0.00177 <END>
0.00114 1.83705 1.98428 1.98783 1.38424 0.92948 0.62565 0.26934 0.13803 0.03103 0.01508 0.00234 <END>
0.00213 1.87746 1.97019 1.99282 1.37025 0.92137 0.61793 0.2592 0.0614 0.01466 0.00253 0.00484 <END>
0.00083 1.80641 1.98747 1.95937 1.38819 0.92162 0.61379 0.26994 0.07553 0.00211 0.0266 0.0046 <END>
0.00426 1.76224 1.98086 1.98816 1.39998 0.93422 0.62318 0.23292 0.10873 0.01419 0.01524 0.00255 <END>
0.00094 1.84229 1.97142 1.98487 1.36251 0.88676 0.59481 0.31201 0.06224 0.0051 0.00203 0.001 <END>
0.00083 1.94678 1.97749 1.98647 1.35367 0.89203 0.59731 0.3099 0.08428 0.00589 0.0102 0.00272 <END>
0.00153 1.8124 1.96401 1.99189 1.36534 0.91422 0.60563 0.32904 0.151 0.02607 0.0132 0.00655 <END>
0.00067 1.72967 1.98532 1.95901 1.38839 0.92335 0.62022 0.2411 0.06713 0.00365 0.00059 0.00043 <END>
0.00069 1.8201 1.98174 1.99871 1.3517 0.89965 0.59474 0.41472 0.10556 0.04715 0.01274 0.00168 <END>
0.00861 1.73237 1.9709 1.97204 1.35808 0.91855 0.61389 0.29474 0.10832 0.03788 0.02169 0.00835 <END>
0.01396 1.78896 1.96314 2.00119 1.37026 0.91266 0.61737 0.24134 0.07447 0.00342 0.01601 0.00438 <END>
0.00111 1.81656 1.97053 1.96345 1.35597 0.90554 0.60299 0.33372 0.07034 0.02585 0.02112 0.01416 <END>
0.01128 1.7888 1.95801 1.97252 1.35623 0.90704 0.60067 0.31987 0.09197 0.01391 0.00294 0.00257 <END>
0.00057 1.78734 1.96963 1.97174 1.35581 0.90789 0.59619 0.364 0.06656 0.0027 0.00262 0.00272 <END>
0.00065 1.82013 1.97074 1.9695 1.34963 0.90937 0.59538 0.38584 0.06142 0.00463 0.0064 0.00664 <END>
0.00105 1.8096 1.95212 1.98015 1.3359 0.89086 0.58553 0.40143 0.09741 0.02872 0.03419 0.01558 <END>
0.00364 1.84165 1.97724 1.96157 1.34487 0.89677 0.59066 0.37741 0.11514 0.03255 0.01611 0.0038 <END>
0.00242 1.84481 1.96651 1.97629 1.31796 0.87798 0.57705 0.40692 0.07426 0.00727 0.00746 0.0026 <END>
0.00081 1.73987 1.96554 1.99407 1.36232 0.9138 0.60809 0.34907 0.17026 0.00739 0.04622 0.01226 <END>
0.01842 1.95403 1.98573 1.98252 1.30749 0.87092 0.59848 0.39392 0.09529 0.01405 0.00235 0.00154 <END>
0.00086 1.79689 2.00457 1.96415 1.3469 0.90334 0.59107 0.36627 0.08847 0.00091 0.01324 0.00655 <END>
0.00192 1.80091 1.98265 1.96176 1.34138 0.89717 0.58702 0.30578 0.07788 0.00846 0.00096 0.003 <END>
0.00085 1.70134 1.96156 1.98351 1.35641 0.88715 0.61157 0.37054 0.11203 0.02669 0.02138 0.01035 <END>
0.00247 1.83486 1.96715 1.96361 1.31382 0.87832 0.57901 0.36529 0.05386 0.00284 0.00325 0.0018 <END>
0.00068 1.8239 1.96311 1.96121 1.32466 0.88895 0.58808 0.43107 0.10061 0.0171 0.00367 0.00067 <END>
0.00045 1.88813 1.98069 1.98284 1.29167 0.8348 0.43565 0.40974 0.0841 0.01122 0.00178 0.00039 <END>
0.00078 1.81116 1.95729 1.99118 1.31982 0.88439 0.58387 0.37633 0.07952 0.02963 0.01914 0.01106 <END>
0.00071 1.78968 1.96419 2.00414 1.33728 0.88902 0.60078 0.35204 0.1016 0.03154 0.00771 0.00216 <END>
0.00055 1.81105 1.97382 1.96984 1.30704 0.87136 0.58127 0.36779 0.12237 0.01786 0.01189 0.00726 <END>
0.00442 1.81851 1.98438 1.95869 1.30943 0.8795 0.5774 0.41543 0.11394 0.04113 0.00131 0.0071 <END>
0.00284 1.87189 1.96865 1.98785 1.30039 0.87574 0.56784 0.3888 0.11853 0.02542 0.03895 0.01864 <END>
0.00382 1.74227 1.96215 2.00219 1.33076 0.87563 0.57884 0.4182 0.10353 0.0169 0.00147 0.00301 <END>
0.0003 1.87029 1.97676 1.97076 1.2763 0.86466 0.56818 0.42278 0.0317 0.01762 0.00115 0.00471 <END>
0.00246 1.9121 1.97606 1.97977 1.28087 0.85291 0.55577 0.3955 0.10038 0.01422 0.0047 0.00191 <END>
0.00045 1.72225 1.9687 1.9819 1.30328 0.86832 0.56427 0.40449 0.13553 0.04307 0.01456 0.00453 <END>
0.00081 1.82816 1.98696 1.96825 1.28699 0.85591 0.56179 0.40952 0.10512 0.00535 0.01732 0.00847 <END>
0.00526 1.77152 1.98566 1.97407 1.2907 0.86973 0.56896 0.41399 0.06599 0.00394 0.0049 0.00238 <END>
0.00143 1.84214 1.97028 1.95383 1.28669 0.86496 0.46148 0.40463 0.0512 0.02185 0.01119 0.00042 <END>
0.00172 1.81646 1.9637 1.95802 1.2654 0.83851 0.55922 0.39859 0.05937 0.0149 0.00126 0.00159 <END>
0.00046 1.84493 1.97465 1.9654 1.27652 0.85579 0.43827 0.39728 0.0994 0.02239 0.00395 0.00256 <END>
0.00133 1.74179 1.99095 1.96952 1.29445 0.85788 0.55518 0.39863 0.07932 0.02345 0.00863 0.00127 <END>
0.00148 1.73631 1.95433 1.98768 1.28347 0.86161 0.56029 0.41759 0.06472 0.01491 0.00827 0.00017 <END>
0.00091 1.85103 1.98979 1.95166 1.26819 0.8407 0.54747 0.40232 0.13095 0.01252 0.01999 0.00611 <END>
0.00148 1.72958 1.96547 1.98268 1.27476 0.83026 0.32963 0.3871 0.04968 0.01089 0.00295 0.00089 <END>
0.00069 1.87073 1.9876 1.9142 1.26511 0.82752 0.4317 0.39049 0.0351 0.01612 0.00591 0.00134 <END>
0.0004 1.8122 1.97753 1.95729 1.27077 0.84643 0.3553 0.39056 0.07524 0.05892 0.01142 0.01139 <END>
0.00564 1.63865 1.96296 1.99956 1.29432 0.86028 0.5637 0.38145 0.07178 0.02279 0.02354 0.01637 <END>
0.00469 1.7688 1.98426 1.94609 1.25602 0.82842 0.5407 0.40149 0.05616 0.03166 0.00113 0.01315 <END>
0.00666 1.79442 1.97756 1.95474 1.25879 0.83751 0.43341 0.40643 0.05704 0.02954 0.00901 0.00056 <END>
0.00054 1.67813 1.97533 1.95534 1.2742 0.84395 0.43962 0.37976 0.07109 0.00845 0.01152 0.00551 <END>
0.00019 1.84666 1.97171 1.92388 1.25075 0.84288 0.33414 0.40401 0.06172 0.01313 0.00656 0.00251 <END>
0.00092 1.81625 1.95866 1.932 1.25541 0.82722 0.32391 0.41641 0.04608 0.01678 0.03067 0.00244 <END>
0.00665 1.80706 1.97901 1.91517 1.24206 0.81407 0.32466 0.40526 0.06623 0.02175 0.00358 0.00056 <END>
0.00102 1.76444 1.96939 1.92102 1.2373 0.82645 0.32068 0.36428 0.05825 0.01575 0.00279 0.00026 <END>
0.00059 1.90445 1.96595 1.87241 1.23013 0.81259 0.31774 0.40023 0.02787 0.02664 0.01566 0.00552 <END>
0.0031 1.80613 1.97799 1.88623 1.23654 0.82468 0.33707 0.39777 0.09567 0.01547 0.00781 0.00268 <END>
0.00187 1.83781 1.99212 1.89031 1.23286 0.81918 0.32156 0.39039 0.04575 0.01494 0.00401 0.00107 <END>
0.00042 1.85389 1.98664 1.87751 1.21972 0.82239 0.31959 0.38031 0.03592 0.0038 0.00977 0.00522 <END>
0.00324 1.89282 1.97417 1.84512 1.21407 0.80774 0.31454 0.39298 0.02132 0.02407 0.01755 0.00696 <END>
0.00771 1.78688 1.95903 1.89229 1.23646 0.8101 0.31268 0.3964 0.09382 0.00972 0.00062 0.00075 <END>
9e-05 1.63878 1.98659 1.92102 1.24488 0.81748 0.32641 0.40614 0.05574 0.00558 0.00816 0.00122 <END>
0.00041 1.75684 1.97386 1.8976 1.2094 0.81431 0.32624 0.40846 0.08088 0.00992 0.0102 0.00529 <END>
0.00107 1.83887 1.96068 1.83437 1.20354 0.80104 0.34137 0.37584 0.02757 0.00741 0.00225 0.00058 <END>
0.00077 1.81591 1.95763 1.88447 1.23198 0.8225 0.3122 0.38088 0.05938 0.01949 0.00334 0.00052 <END>
0.00079 1.84799 2.00765 1.82747 1.20127 0.79165 0.3258 0.38051 0.04996 0.01126 0.00502 0.00314 <END>
0.00063 1.8128 1.96345 1.87035 1.21351 0.80236 0.33594 0.38975 0.05342 0.01837 0.01612 0.00311 <END>
0.00293 1.77115 1.97216 1.8555 1.21413 0.79526 0.3355 0.40493 0.01483 0.03429 0.00756 0.00864 <END>
0.0042 1.81175 1.98287 1.83471 1.20253 0.79259 0.3496 0.35566 0.01898 0.05139 0.01181 0.01 <END>
0.00486 1.80193 1.98989 1.83339 1.20753 0.79028 0.33068 0.27733 0.01728 0.0118 0.00503 0.0016 <END>
0.00085 1.84051 1.97499 1.82975 1.19633 0.79539 0.34063 0.28387 0.05393 0.01096 0.00679 0.00305 <END>
0.00123 1.82076 1.97543 1.83162 1.19836 0.79123 0.34676 0.30128 0.02667 0.00785 0.00416 0.00156 <END>
0.00051 1.93519 1.96049 1.80136 1.17881 0.78329 0.33595 0.27559 0.06026 0.03384 0.00422 0.01122 <END>
0.00562 1.88119 1.97817 1.81763 1.17141 0.76676 0.33 0.27617 0.01855 0.01351 0.00067 0.00332 <END>
0.00077 1.90892 1.96227 1.79703 1.16361 0.77266 0.3661 0.14433 0.06403 0.00129 0.01541 0.00519 <END>
0.00336 1.79603 1.98378 1.82123 1.19399 0.795 0.35879 0.27395 0.03075 0.00539 0.00251 0.00219 <END>
0.00084 1.78765 1.97814 1.84003 1.19637 0.78625 0.40556 0.16667 0.05969 0.01736 0.00329 0.00057 <END>
0.00268 1.77066 1.98097 1.81578 1.18581 0.79269 0.40099 0.17026 0.08192 0.00256 0.01121 0.00099 <END>
0.00176 1.84853 1.98968 1.81284 1.18241 0.78102 0.37869 0.11099 0.06929 0.00723 0.02328 0.00208 <END>
0.00875 1.80606 1.98519 1.80485 1.19867 0.77917 0.35945 0.17948 0.03454 0.00588 0.0006 0.00104 <END>
0.00049 1.86406 1.98766 1.78923 1.16849 0.78815 0.39788 0.11934 0.01532 0.0029 0.00366 0.00145 <END>
0.00068 1.85669 1.98244 1.78929 1.17839 0.77822 0.40491 0.13973 0.04424 0.01485 0.00297 0.0012 <END>
0.00098 1.7293 2.00176 1.8213 1.20319 0.79404 0.34791 0.26149 0.06564 0.01344 0.0207 0.00459 <END>
0.00464 1.94872 1.9667 1.78261 1.16436 0.77257 0.43265 0.14561 0.01154 0.01459 0.00447 0.0014 <END>
0.00155 1.91815 1.96539 1.7481 1.15418 0.76755 0.44216 0.16586 0.00484 0.00479 0.00221 0.00073 <END>
0.0003 1.90754 1.96511 1.74185 1.15238 0.77116 0.48324 0.15979 0.00831 0.00604 0.00232 0.00114 <END>
0.00186 1.9205 1.9618 1.73425 1.12312 0.74295 0.50249 0.20019 0.04664 0.0092 0.00385 0.00145 <END>
0.00119 1.98755 1.96124 1.72612 1.14925 0.75945 0.46723 0.1876 0.04601 0.01308 0.01174 0.00308 <END>
0.00091 1.77723 1.98626 1.78624 1.16753 0.76818 0.36534 0.25791 0.03317 0.00754 0.00577 0.00292 <END>
0.00234 1.75429 1.97266 1.79468 1.17115 0.7859 0.41378 0.14141 0.04497 0.00242 0.00956 0.00394 <END>
0.00163 1.76144 1.96878 1.78286 1.16216 0.76478 0.4262 0.15738 0.01677 0.01813 0.01194 0.00543 <END>
0.00237 1.84876 1.98057 1.75346 1.13852 0.74592 0.4701 0.14571 0.00794 0.00178 0.00388 0.00112 <END>
0.0012 1.82489 1.97276 1.76421 1.14521 0.75497 0.43761 0.13784 0.01337 0.02493 0.0047 0.00495 <END>
0.00294 1.76781 1.97627 1.77405 1.15629 0.75927 0.43979 0.14972 0.02467 0.00505 0.00106 0.00057 <END>
0.00046 1.761 1.99199 1.764 1.16805 0.77453 0.36836 0.27152 0.02337 0.0068 0.00664 0.00256 <END>
0.00184 1.95311 1.96797 1.71178 1.11932 0.73076 0.49467 0.19697 0.01366 0.00776 0.00606 0.00254 <END>
0.0007 1.92462 1.98254 1.71008 1.12571 0.72418 0.4818 0.18739 0.01859 0.0017 0.0052 0.00205 <END>
0.00139 1.86627 1.99193 1.72519 1.13132 0.74473 0.50604 0.2184 0.05482 0.00386 0.01192 0.00245 <END>
0.00195 1.83166 1.99394 1.74519 1.14845 0.74771 0.49184 0.21389 0.02414 0.00702 0.00646 0.00138 <END>
0.00158 1.84133 1.9694 1.73192 1.1308 0.7527 0.48448 0.20018 0.03177 0.00613 0.00716 0.00024 <END>
0.00032 1.82341 1.97375 1.7401 1.14621 0.75409 0.4746 0.18848 0.04478 0.02749 0.00981 0.00134 <END>
0.0099 1.75006 1.99048 1.74305 1.14397 0.73627 0.49843 0.16377 0.00694 0.0014 0.00129 0.00089 <END>
0.00135 1.74629 1.96543 1.75006 1.14321 0.73208 0.50909 0.23259 0.04837 0.01184 0.0039 0.0019 <END>
0.00039 1.72157 1.97454 1.7436 1.13838 0.74252 0.49786 0.17528 0.03863 0.00992 0.00553 0.00418 <END>
0.00201 1.78793 1.9868 1.71884 1.11876 0.73709 0.49514 0.24089 0.08293 0.00481 0.01448 0.00474 <END>
0.00214 1.7521 1.99239 1.73657 1.13047 0.73537 0.48359 0.16084 0.01523 0.01302 0.00174 0.00238 <END>
0.00169 1.8589 1.97693 1.70223 1.11965 0.72387 0.48635 0.12013 0.03799 0.01454 0.00547 0.00563 <END>
0.00168 1.8173 1.99563 1.70075 1.10562 0.73703 0.50937 0.23243 0.08808 0.02137 0.00917 0.01021 <END>
0.00518 1.77254 1.97973 1.71254 1.12262 0.73338 0.49157 0.18118 0.01425 0.00396 0.00487 0.001 <END>
0.00044 1.75272 1.97404 1.70845 1.12609 0.72994 0.49926 0.16918 0.02525 0.01058 0.01024 0.0006 <END>
0.00334 1.76659 1.97714 1.70515 1.12138 0.72634 0.49388 0.15292 0.03 0.00222 0.00411 0.00118 <END>
0.00058 1.88531 1.95671 1.67578 1.09664 0.72398 0.50106 0.24046 0.02598 0.00577 0.00495 0.00122 <END>
0.00095 1.87776 1.97065 1.67069 1.10283 0.71331 0.49506 0.2762 0.03689 0.00802 0.0067 0.00187 <END>
0.00162 1.74482 1.9763 1.71008 1.11206 0.71943 0.47582 0.25696 0.01251 0.01163 0.00025 0.00132 <END>
0.00056 1.91079 1.98562 1.66061 1.08184 0.70912 0.49152 0.23424 0.01758 0.0158 0.01476 0.00405 <END>
0.00197 1.78124 1.97256 1.67845 1.06971 0.71126 0.47684 0.34969 0.03075 0.00589 0.00403 0.00305 <END>
0.00019 1.77329 1.97841 1.7024 1.09538 0.71978 0.48914 0.29394 0.00934 0.00679 0.00109 0.00195 <END>
0.00085 1.68849 1.98021 1.7301 1.11649 0.72737 0.49031 0.14979 0.03622 0.00993 0.00114 0.00203 <END>
0.00053 1.87442 1.96549 1.64282 1.0834 0.70127 0.48022 0.24911 0.03203 0.00394 0.01534 0.00075 <END>
0.00277 1.86032 1.95334 1.66008 1.08656 0.69535 0.47765 0.30708 0.0099 0.00169 0.00075 0.00056 <END>
0.00055 1.88336 1.96292 1.65626 1.08559 0.70439 0.48429 0.2674 0.00802 0.01802 0.00298 0.00435 <END>
0.00361 1.81225 1.97374 1.67373 1.08698 0.70757 0.49228 0.27526 0.04483 0.01664 0.00493 0.0013 <END>
0.00096 1.79944 1.99591 1.6543 1.06436 0.69489 0.47377 0.17107 0.07401 0.00524 0.01519 0.0123 <END>
0.00558 1.74713 1.97633 1.67368 1.08475 0.71558 0.47143 0.28146 0.00498 0.00239 0.0018 0.00067 <END>
0.00066 1.93067 1.96776 1.62599 1.05412 0.70066 0.46728 0.31595 0.02316 0.02026 0.00413 0.00383 <END>
0.0002 1.82857 1.99252 1.65171 1.07655 0.6901 0.46105 0.31211 0.00413 0.00203 0.00106 0.00114 <END>
0.00055 1.83291 1.967 1.65344 1.06812 0.71518 0.48674 0.31981 0.03181 0.00657 0.00102 0.0001 <END>
0.00035 1.88581 1.98204 1.61687 1.05694 0.69962 0.46214 0.32981 0.00833 0.01586 0.0051 0.00365 <END>
0.00251 1.84493 1.96126 1.64291 1.06035 0.69948 0.47653 0.30354 0.02731 0.00992 0.00268 0.00035 <END>
0.00034 1.81249 1.98465 1.64734 1.06543 0.70075 0.47311 0.35286 0.00777 0.01231 0.0054 0.00363 <END>
0.00301 1.86792 1.97627 1.63543 1.05901 0.69148 0.45951 0.31564 0.01057 0.00897 0.00737 0.00075 <END>
0.00053 1.76673 1.97493 1.64951 1.08572 0.7023 0.4793 0.31698 0.03676 0.0094 0.00217 0.0005 <END>
0.00018 1.88108 1.96122 1.60046 1.05406 0.67973 0.46676 0.34085 0.00991 0.00412 0.00273 0.00116 <END>
0.00018 1.89696 1.95299 1.61723 1.03467 0.67852 0.46837 0.30467 0.0191 0.00237 0.00362 0.00143 <END>
0.00094 1.84181 1.98641 1.63023 1.06706 0.67941 0.48511 0.20055 0.03044 0.0036 0.0045 0.00194 <END>
0.00098 1.84857 1.99035 1.62141 1.0451 0.67475 0.45875 0.33456 0.0165 0.00487 0.00066 0.00047 <END>
0.00053 1.85655 2.00758 1.61186 1.03952 0.67788 0.4564 0.26861 0.00386 0.00177 0.00099 0.00068 <END>
0.00083 1.73514 1.969 1.62521 1.06564 0.6891 0.45911 0.33191 0.0151 0.01151 0.00514 0.00165 <END>
0.0007 1.8132 1.97852 1.60521 1.0459 0.68083 0.45632 0.31437 0.02006 0.01623 0.00737 0.00279 <END>
0.00139 1.82427 1.99474 1.5929 1.03797 0.66853 0.3252 0.25611 0.00932 0.00212 0.00161 0.00041 <END>
0.00038 1.8047 1.97016 1.60832 1.03689 0.68329 0.45899 0.30742 0.03252 0.00386 0.00675 0.00442 <END>
0.00149 1.83282 1.99208 1.60646 1.0322 0.68209 0.37555 0.33987 0.02582 0.02326 0.00304 0.00584 <END>
0.00369 1.8647 1.96518 1.59369 1.03745 0.67222 0.45244 0.31554 0.03648 0.02076 0.01002 0.01114 <END>
0.00365 1.71706 1.96549 1.62631 1.05802 0.68489 0.45896 0.31519 0.03008 0.00613 0.00415 0.0003 <END>
0.00036 1.83739 1.98517 1.58712 1.03634 0.66794 0.24978 0.14319 0.00914 0.00381 0.00122 0.00025 <END>
0.00042 1.85529 1.98169 1.57116 1.00245 0.64579 0.23273 0.07782 0.01675 0.00727 0.00707 0.00132 <END>
0.00401 1.8229 1.98514 1.56576 1.0322 0.66691 0.35797 0.2871 0.03801 0.01085 0.00147 0.0034 <END>
0.00124 1.88824 1.95818 1.56599 1.01557 0.66441 0.24884 0.07876 0.00797 0.0006 0.00081 6e-05 <END>
0.00026 1.86499 1.95508 1.56882 1.01523 0.66315 0.24459 0.12937 0.01319 0.00806 0.00194 0.0013 <END>
0.00101 1.78963 1.97808 1.60764 1.02023 0.66047 0.25706 0.28087 0.04854 0.01308 0.00238 0.00026 <END>
0.0006 1.80378 1.96684 1.58187 1.02338 0.66454 0.20498 0.105 0.04896 0.02091 0.00643 0.00172 <END>
0.00085 1.69378 1.96158 1.58022 1.03081 0.67386 0.43459 0.30453 0.00975 0.01562 0.01331 0.00649 <END>
0.00372 1.74213 1.97379 1.59691 1.03173 0.66197 0.33395 0.25014 0.02649 0.00826 0.00257 0.00058 <END>
0.0001 1.69602 1.9788 1.59501 1.03266 0.66456 0.33201 0.3069 0.00722 0.00509 0.00189 0.00033 <END>
0.00035 1.90028 1.96803 1.54645 0.99154 0.64065 0.2067 0.07939 0.01644 0.00917 0.00092 0.00193 <END>
0.00173 1.82291 1.96892 1.56144 1.01105 0.65285 0.23107 0.09986 0.02995 0.00413 0.00473 0.00361 <END>
0.00126 1.77847 1.97544 1.56044 1.01106 0.65901 0.44821 0.26053 0.01964 0.00522 0.00733 0.00147 <END>
0.00227 1.86303 1.97104 1.55339 0.9962 0.64796 0.23682 0.05322 0.01165 0.00187 0.00021 0.00018 <END>
0.00022 1.84764 1.98894 1.54709 1.00529 0.65345 0.23145 0.06323 0.01069 0.00929 0.00159 0.00097 <END>
0.00046 1.87238 1.98605 1.52653 0.99912 0.64091 0.21942 0.06856 0.01312 0.00759 0.00411 0.00309 <END>
0.00065 1.81733 1.965 1.5485 1.0101 0.65241 0.1946 0.34253 0.04182 0.01189 0.0088 0.00332 <END>
0.00187 1.80216 2.00113 1.54605 0.99685 0.64531 0.2419 0.10217 0.01426 0.00184 0.00245 0.0009 <END>
0.00095 1.8699 1.97658 1.53311 0.98152 0.65419 0.21164 0.10506 0.0125 0.00251 0.00121 0.00017 <END>
0.0008 1.75981 1.96826 1.56994 0.99477 0.64103 0.25277 0.10764 0.03418 0.01581 0.00351 0.00472 <END>
0.00296 1.863 1.95994 1.51878 0.98866 0.63135 0.21386 0.1026 0.02397 0.01928 0.00563 0.00134 <END>
0.00076 1.76398 1.97069 1.5242 0.99613 0.64328 0.21882 0.2597 0.02335 0.01107 0.00268 0.001 <END>
0.00054 1.77336 1.97282 1.52431 0.99811 0.64425 0.24213 0.0884 0.00984 0.00529 0.00469 0.00346 <END>
0.00189 1.81286 1.97934 1.51746 0.9793 0.62678 0.24746 0.05205 0.02409 0.00784 0.00092 0.00125 <END>
0.00042 1.89367 1.98701 1.50132 0.97887 0.62163 0.20943 0.07727 0.01376 0.00499 0.00108 0.00124 <END>
0.00034 1.87949 1.96847 1.49267 0.97968 0.62374 0.236 0.05221 0.01575 0.00903 0.0091 0.0017 <END>
0.0013 1.92225 1.98326 1.49073 0.9656 0.62625 0.25541 0.07068 0.01852 0.01125 0.00068 0.00382 <END>
0.00196 1.88065 1.95692 1.51335 0.94853 0.62607 0.29084 0.06258 0.01543 0.00172 0.00083 0.00034 <END>
0.00037 1.89974 1.97487 1.48199 0.96089 0.62059 0.30352 0.07138 0.00591 0.00659 0.00066 0.00105 <END>
0.00083 1.86157 1.99237 1.49504 0.9712 0.62878 0.27226 0.08694 0.01891 0.00096 0.00352 0.00122 <END>
0.00041 1.87899 1.97029 1.47615 0.95296 0.6288 0.26527 0.06008 0.01376 0.0029 0.00095 0.00071 <END>
0.00017 1.83527 1.9779 1.49583 0.97908 0.62381 0.19913 0.08352 0.00817 0.00407 0.00077 0.00111 <END>
0.00046 1.86644 1.96718 1.48866 0.95789 0.624 0.30524 0.09675 0.02411 0.00654 0.00157 0.00135 <END>
0.00038 1.823 1.98276 1.49465 0.9713 0.62611 0.25967 0.05031 0.00805 0.00852 0.00418 0.00383 <END>
0.00197 1.92051 1.96173 1.4762 0.95981 0.61885 0.19717 0.13099 0.03134 0.0101 0.00196 0.00085 <END>
0.00056 1.85165 1.98017 1.48693 0.95253 0.62036 0.27034 0.14066 0.01553 0.02542 0.00543 0.00551 <END>
0.00254 1.74888 1.95715 1.51126 0.96672 0.62129 0.21424 0.04373 0.01181 0.0019 0.0038 0.00249 <END>
8e-05 1.89565 1.97114 1.4752 0.94452 0.61963 0.25627 0.11166 0.00301 0.01622 0.00232 0.00293 <END>
0.00142 1.80143 1.95025 1.48744 0.95646 0.62957 0.2861 0.05703 0.005 0.00771 0.00358 0.0011 <END>
0.00053 1.86958 1.95051 1.47158 0.93479 0.59065 0.41037 0.20393 0.0194 0.02153 0.00779 0.0022 <END>
0.00021 1.83087 1.9688 1.46853 0.93754 0.61214 0.29254 0.05325 0.01133 0.00217 0.00344 0.00169 <END>
0.00054 1.8561 1.95693 1.45032 0.91829 0.59764 0.40909 0.08457 0.0204 0.00974 0.00392 0.00152 <END>
0.00031 1.92909 1.97722 1.45044 0.93771 0.59291 0.34202 0.07537 0.01947 0.00569 0.0026 0.00186 <END>
0.00055 1.85885 1.97 1.46121 0.95269 0.61095 0.30589 0.09375 0.00394 0.00478 0.00068 0.00029 <END>
0.00032 1.80937 1.95474 1.49258 0.95829 0.60293 0.2804 0.09581 0.00551 0.00215 0.00153 0.00102 <END>
0.00046 1.82618 1.95314 1.49523 0.94248 0.60908 0.27873 0.0748 0.02845 0.01143 0.00132 0.00286 <END>
0.00181 1.71317 1.96958 1.4697 0.93338 0.61176 0.28825 0.1241 0.05363 0.0052 0.0124 0.00061 <END>
0.00154 1.82344 1.96267 1.46153 0.94491 0.59625 0.31031 0.05072 0.00348 0.00249 0.00091 0.00072 <END>
0.00012 1.78112 1.98912 1.46465 0.91942 0.60245 0.32909 0.10796 0.03587 0.00906 0.00436 0.0023 <END>
0.00086 1.80678 1.95078 1.47311 0.95144 0.60689 0.29453 0.06993 0.00497 0.00274 0.00071 0.00082 <END>
0.00054 1.88766 1.95524 1.42921 0.9152 0.5917 0.34252 0.0924 0.03075 0.01209 0.00247 0.00116 <END>
0.00023 1.82767 1.95088 1.43786 0.93999 0.59098 0.31206 0.04189 0.02097 0.01073 0.00408 0.00103 <END>
0.00071 1.80655 1.97274 1.44935 0.93783 0.60231 0.24693 0.09902 0.03139 0.01989 0.00961 0.01155 <END>
0.00903 1.73689 1.96515 1.47122 0.93381 0.59976 0.25264 0.10183 0.00956 0.00769 0.00576 0.00181 <END>
0.00051 1.7811 1.97423 1.43862 0.92928 0.59743 0.32657 0.10546 0.03493 0.00107 0.01418 0.00733 <END>
0.00591 1.79396 1.98488 1.44015 0.92827 0.59167 0.38343 0.09402 0.01801 0.01449 0.00054 0.00326 <END>
0.00289 1.89227 1.96572 1.40863 0.89809 0.56707 0.41446 0.08071 0.01085 0.00924 0.00062 0.00115 <END>
0.00047 1.87887 1.98504 1.41772 0.91032 0.59539 0.35808 0.08387 0.01142 0.00411 0.00128 0.00064 <END>
0.00053 1.85255 1.96239 1.42833 0.9088 0.58293 0.41627 0.10643 0.03889 0.00338 0.00212 0.00229 <END>
0.00162 1.74379 1.95879 1.45807 0.92996 0.5975 0.34284 0.02024 0.00563 0.00484 0.00021 0.00105 <END>
0.00048 1.84659 1.95922 1.44524 0.91267 0.5738 0.3798 0.05256 0.0048 0.00231 0.00122 0.00019 <END>
0.00024 1.80832 1.95201 1.4213 0.91736 0.57688 0.40246 0.03307 0.00689 0.00342 0.00156 0.00109 <END>
0.00092 1.88352 1.96144 1.40757 0.91648 0.56939 0.36779 0.08938 0.01233 0.00211 0.00052 0.00037 <END>
0.00024 1.85988 1.97714 1.40113 0.89773 0.56797 0.32616 0.02451 0.01658 0.00098 0.00771 0.00064 <END>
0.00258 1.79161 1.97156 1.42098 0.9338 0.5786 0.37877 0.013 0.03263 0.01284 0.00221 0.00211 <END>
0.00071 1.85033 1.96593 1.40592 0.88141 0.58829 0.39513 0.00953 0.00838 0.00408 0.00453 0.0012 <END>
0.00182 1.87217 1.99299 1.4083 0.89613 0.56815 0.38941 0.05387 0.0221 0.00996 0.00155 0.00125 <END>
0.00075 1.91309 1.95695 1.39693 0.88905 0.58395 0.42218 0.0575 0.03959 0.00632 0.00638 0.00196 <END>
0.00099 1.87273 1.96894 1.40569 0.89695 0.57921 0.40658 0.05186 0.00645 0.00761 0.0019 0.00028 <END>
0.00062 1.83326 1.97524 1.41316 0.91111 0.57385 0.41479 0.08338 0.03346 0.01025 0.00269 0.00651 <END>
0.00329 1.89944 1.96401 1.38303 0.89033 0.56748 0.41436 0.04884 0.02749 0.0019 0.0071 0.00394 <END>
