0.00007 1.89375 1.94531 1.9737 1.49285 1.01777 0.69826 0.47603 0.35474 0.07515 0.03083 <END>
0.03416 1.95186 1.95487 1.97152 1.53514 1.05752 0.71165 0.50039 0.28724 0.07655 <END>
0.0816 1.5797 1.97166 1.98543 1.5266 1.03311 0.70091 0.48585 0.35042 0.0636 <END>
0.00656 1.81703 1.96708 1.97117 1.47218 1.00544 0.68426 0.46067 0.32219 0.0158 <END>
0.016 1.78919 1.96252 1.95604 1.51923 1.03342 0.7047 0.49823 0.35927 0.02359 0.03499 <END>
0.02593 1.73731 1.96365 1.98483 1.5034 1.01015 0.68462 0.48803 0.29968 0.0262 <END>
0.02691 1.75038 1.96415 1.981 1.47591 0.99131 0.66782 0.48112 0.33928 0.0032 <END>
0.02338 1.81477 1.95569 1.98829 1.47488 0.99564 0.66435 0.46122 0.335 0.00773 <END>
0.0291 1.72946 1.96774 1.98926 1.48635 0.99284 0.67265 0.46094 0.32729 0.02852 <END>
0.00385 1.86236 2.00176 1.97799 1.45823 0.97443 0.65214 0.36218 0.34238 0.06572 <END>
0.01732 1.81624 1.963 1.9756 1.46851 0.98327 0.65494 0.32247 0.31475 0.00696 <END>
0.02062 1.85726 1.9757 1.97459 1.44931 0.96518 0.63871 0.22968 0.27441 0.034 <END>
0.04238 1.7566 1.95577 1.98756 1.4762 0.98093 0.66094 0.45571 0.33475 0.01698 <END>
0.02606 1.76995 1.96475 1.97866 1.46595 0.98039 0.65971 0.32879 0.3095 0.01329 <END>
0.04856 1.83584 1.97608 1.96905 1.43154 0.97257 0.65209 0.24202 0.24735 0.04283 <END>
0.02776 1.69925 1.96935 1.97876 1.47725 0.99789 0.67375 0.46673 0.34719 0.002 <END>
0.0213 1.81939 1.97921 1.97521 1.46405 0.98896 0.67092 0.24693 0.34237 0.01898 <END>
0.03551 1.85992 1.96639 1.98138 1.41546 0.96414 0.65438 0.22992 0.3444 0.09617 <END>
0.02205 1.83815 1.96915 1.97733 1.43739 0.96467 0.64202 0.25031 0.127 0.02836 <END>
0.00212 1.86945 1.97058 1.97804 1.43106 0.96106 0.64628 0.24226 0.10775 0.03641 <END>
0.0131 1.77964 1.96372 1.97063 1.42862 0.95577 0.63691 0.23031 0.06351 0.02532 <END>
0.02136 1.86729 1.96755 1.98435 1.41244 0.95605 0.63819 0.24928 0.26591 0.04349 <END>
0.00759 1.89032 1.97495 1.98197 1.42301 0.9547 0.63048 0.26172 0.1311 0.06455 <END>
0.03002 1.77299 1.96277 1.96692 1.42821 0.95988 0.64171 0.21732 0.05532 0.01028 <END>
0.0053 1.90418 1.97139 1.97046 1.38751 0.93188 0.62589 0.22604 0.08604 0.00848 <END>
0.00485 1.99225 1.96092 1.9921 1.38933 0.93527 0.62005 0.21522 0.0618 0.02361 <END>
0.00582 1.93007 1.96123 1.99056 1.38383 0.93243 0.62901 0.27946 0.09011 0.07393 <END>
0.00861 1.74669 1.98182 1.9552 1.43031 0.95682 0.63207 0.25081 0.10617 0.04992 <END>
0.03609 1.64376 1.96018 1.9739 1.44532 0.96807 0.65559 0.21853 0.33872 0.05908 <END>
0.03448 1.79404 1.96414 1.98956 1.42309 0.94699 0.63928 0.19414 0.2656 0.04739 <END>
0.01749 1.73702 1.96359 1.98207 1.42342 0.95377 0.63574 0.20466 0.06244 0.01432 <END>
0.01129 1.69524 1.97531 1.9892 1.42851 0.95247 0.63985 0.24198 0.11754 0.03426 <END>
0.00644 1.9267 1.99519 1.95535 1.38608 0.9402 0.63405 0.29027 0.16666 0.04743 <END>
0.02536 1.7938 1.9655 1.97318 1.39732 0.94246 0.61365 0.22525 0.08008 0.008 <END>
0.00797 1.78649 1.97179 1.98808 1.40261 0.9264 0.62421 0.2626 0.09681 0.02858 <END>
0.01564 1.81177 1.96147 1.98118 1.38847 0.92827 0.62993 0.26501 0.1123 0.02144 <END>
0.00937 1.8895 1.96039 1.9906 1.37544 0.92056 0.62384 0.27131 0.15972 0.06052 <END>
0.02592 1.86188 1.9795 1.97736 1.38567 0.9264 0.62871 0.26375 0.18404 0.0658 <END>
0.02105 1.81218 1.95797 1.98823 1.37906 0.92169 0.62431 0.26578 0.2786 0.05051 <END>
0.02183 1.77771 1.9648 1.95918 1.35775 0.90354 0.59153 0.35287 0.06497 0.0075 <END>
0.00345 1.84072 1.95297 1.98142 1.36982 0.92265 0.61571 0.29072 0.19415 0.02728 <END>
0.01437 1.74518 1.9587 1.9758 1.38282 0.92373 0.63416 0.2574 0.06177 0.03634 <END>
0.0162 1.71328 1.95708 1.97935 1.38467 0.9366 0.61561 0.25028 0.14845 0.07174 <END>
0.04968 1.80869 1.97854 1.97295 1.35974 0.91631 0.60443 0.33403 0.12855 0.00851 <END>
0.03728 1.749 1.97955 1.96291 1.38114 0.91329 0.60812 0.24625 0.08224 0.0412 <END>
0.01312 1.78698 1.97548 1.99051 1.37945 0.91497 0.61066 0.26603 0.05173 0.01315 <END>
0.01541 1.79694 1.96835 1.9675 1.35774 0.92059 0.60553 0.35502 0.18879 0.06062 <END>
0.00175 1.79017 1.9652 1.97817 1.34258 0.89917 0.59922 0.27826 0.11887 0.00269 <END>
0.00274 1.90134 1.9523 1.98725 1.3527 0.89554 0.60016 0.31409 0.05844 0.00612 <END>
0.00205 1.84142 1.97108 1.99201 1.35882 0.90045 0.60796 0.31427 0.17103 0.04451 <END>
0.0108 1.91834 1.9659 1.99829 1.33981 0.89181 0.59789 0.36531 0.10669 0.0432 <END>
0.01238 1.87856 1.96206 1.9718 1.34788 0.89418 0.59256 0.32043 0.11933 0.03376 <END>
0.0152 1.73898 1.96609 1.98817 1.35776 0.90942 0.59672 0.33206 0.142 0.05229 <END>
0.01703 1.68977 1.9892 1.98247 1.37334 0.91717 0.60919 0.27218 0.10509 0.02206 <END>
0.00413 1.85042 1.97889 1.97262 1.30916 0.88272 0.59215 0.39434 0.09917 0.01522 <END>
0.01364 1.76399 1.9587 1.97609 1.34763 0.90596 0.60502 0.34693 0.10497 0.0209 <END>
0.00476 1.82813 1.96922 1.98152 1.33607 0.88576 0.58828 0.38047 0.08043 0.03042 <END>
0.01623 1.73101 1.97162 1.99314 1.3432 0.90149 0.59507 0.30857 0.08526 0.01692 <END>
0.02299 1.81443 1.96726 1.96176 1.3326 0.89099 0.58234 0.41092 0.08017 0.02488 <END>
0.00703 1.92476 1.98189 1.98332 1.31145 0.86464 0.57356 0.40703 0.13026 0.05514 <END>
0.01757 1.8039 1.96303 1.97621 1.31455 0.87582 0.59343 0.4218 0.12013 0.037 <END>
0.01478 1.80345 1.97177 1.96598 1.31004 0.87782 0.58458 0.41383 0.12991 0.05538 <END>
0.02037 1.78706 1.96357 1.96682 1.308 0.85902 0.56589 0.4313 0.12461 0.02826 <END>
0.0146 1.94201 1.97786 1.98636 1.30438 0.86658 0.56865 0.43806 0.07953 0.01583 <END>
0.00549 1.85977 1.97447 1.98984 1.32017 0.86777 0.58476 0.4161 0.10416 0.01617 <END>
0.00814 1.84455 1.96439 1.98901 1.30408 0.86753 0.57364 0.41382 0.09687 0.06199 <END>
0.00754 1.74491 1.95248 1.98266 1.3242 0.87784 0.58651 0.41063 0.13419 0.05193 <END>
0.00098 1.76641 1.9742 1.98075 1.31565 0.86961 0.58 0.42725 0.04033 0.00088 <END>
0.00065 1.89207 1.97585 1.98273 1.27906 0.85828 0.45651 0.4003 0.07352 0.02639 <END>
0.01916 1.75797 1.96011 1.9849 1.32422 0.8599 0.56267 0.43214 0.13893 0.01106 <END>
0.01729 1.71993 1.99172 1.96406 1.31272 0.85977 0.5672 0.40832 0.09285 0.03081 <END>
0.00176 1.90878 1.95646 1.99767 1.27178 0.85188 0.45197 0.40331 0.03205 0.04258 <END>
0.02597 1.81943 1.9894 1.97344 1.29553 0.85396 0.58215 0.40199 0.07199 0.00341 <END>
0.00158 1.85885 1.96673 1.99017 1.26916 0.83691 0.44373 0.40447 0.03843 0.00731 <END>
0.00342 1.86292 1.99451 1.96407 1.27029 0.84164 0.32195 0.41597 0.09536 0.01829 <END>
0.0072 1.81206 1.96732 1.97907 1.27951 0.84387 0.55867 0.38518 0.12113 0.01704 <END>
0.00899 1.73541 1.9677 1.98627 1.29705 0.84258 0.55694 0.40442 0.06464 0.00955 <END>
0.00086 1.83877 1.9767 1.97303 1.27929 0.83353 0.44696 0.3978 0.08926 0.01039 <END>
0.02537 1.77009 1.9764 1.95612 1.29229 0.85631 0.56878 0.39977 0.08596 0.01153 <END>
0.01701 1.70464 1.97446 1.96888 1.28469 0.85079 0.46169 0.41062 0.13568 0.00932 <END>
0.00675 1.85193 1.98874 1.95315 1.27226 0.84256 0.43837 0.40924 0.05153 0.03557 <END>
0.01837 1.72729 1.95927 1.9848 1.28195 0.8456 0.55446 0.398 0.12623 0.0205 <END>
0.03792 1.81164 1.98541 1.96151 1.2599 0.83246 0.43058 0.3793 0.07086 0.03986 <END>
0.0107 1.75145 1.97961 1.95973 1.27926 0.85204 0.55859 0.39868 0.06477 0.00756 <END>
0.0031 1.7667 1.98536 1.96672 1.26218 0.83893 0.55981 0.40418 0.06693 0.00682 <END>
0.01035 1.75042 1.9821 1.96242 1.26802 0.84426 0.54748 0.42341 0.06859 0.01323 <END>
0.01522 1.90139 1.97581 1.89232 1.2386 0.81753 0.34186 0.41694 0.05154 0.0371 <END>
0.0058 1.70467 1.97035 1.99088 1.28721 0.84081 0.44462 0.38031 0.08721 0.02938 <END>
0.02272 1.9103 1.97712 1.89174 1.22823 0.8143 0.33238 0.39921 0.04834 0.00819 <END>
0.00544 1.80162 1.98564 1.91372 1.26198 0.83121 0.3276 0.3793 0.06754 0.038 <END>
0.01107 1.72333 1.98179 1.9481 1.26534 0.83047 0.4304 0.41314 0.03837 0.01392 <END>
0.00615 1.9015 1.99394 1.88923 1.22414 0.82571 0.31567 0.38579 0.03705 0.02374 <END>
0.02023 1.951 1.97097 1.85931 1.21146 0.81427 0.34895 0.37984 0.05045 0.0078 <END>
0.0016 1.77167 1.97994 1.9199 1.2345 0.82722 0.32757 0.40485 0.04767 0.04055 <END>
0.01423 1.88393 1.9824 1.85887 1.22391 0.80461 0.30892 0.37624 0.04156 0.021 <END>
0.00853 1.86973 1.9508 1.87829 1.24348 0.80621 0.33641 0.37617 0.03705 0.0064 <END>
0.00291 1.81052 1.98382 1.88075 1.21739 0.81063 0.31881 0.3962 0.12788 0.026 <END>
0.02357 1.84633 1.98661 1.88101 1.22567 0.80489 0.35007 0.2657 0.03374 0.02799 <END>
0.00939 1.85272 1.97597 1.84669 1.20934 0.79104 0.33306 0.3848 0.02534 0.01249 <END>
0.01085 1.81167 1.99293 1.87214 1.22903 0.80558 0.32989 0.42266 0.08867 0.01713 <END>
0.01087 1.82921 1.99027 1.84955 1.21047 0.80175 0.30634 0.3725 0.00971 0.01849 <END>
0.00659 1.85308 1.97217 1.8685 1.2268 0.81691 0.34945 0.37625 0.02087 0.01859 <END>
0.00374 1.71011 1.97045 1.88108 1.23387 0.81607 0.30629 0.38559 0.03608 0.00331 <END>
0.00018 1.9604 1.97995 1.7891 1.1798 0.77538 0.37184 0.13776 0.04733 0.01055 <END>
0.00427 1.88666 1.96985 1.83169 1.1913 0.78646 0.32148 0.37581 0.04373 0.01652 <END>
0.01009 1.74512 1.97856 1.84626 1.20614 0.78654 0.35145 0.2823 0.02651 0.02181 <END>
0.00903 1.83309 1.96804 1.82788 1.21011 0.78589 0.35459 0.30152 0.02006 0.01694 <END>
0.00306 1.76946 1.99112 1.841 1.20883 0.79764 0.37173 0.25004 0.03201 0.00377 <END>
0.00253 1.73394 1.98448 1.85762 1.20148 0.80545 0.37582 0.23881 0.03095 0.00399 <END>
0.00439 1.80611 1.97754 1.83784 1.20054 0.79802 0.33123 0.36154 0.01979 0.03813 <END>
0.02102 1.7331 1.98822 1.84265 1.21468 0.80016 0.37051 0.18005 0.06116 0.05405 <END>
0.03438 1.73215 1.97976 1.82609 1.20541 0.7924 0.34659 0.3016 0.02586 0.00905 <END>
0.00213 1.79886 1.95924 1.82814 1.18895 0.78604 0.38253 0.13884 0.03461 0.02052 <END>
0.01446 1.88516 1.97416 1.79037 1.16415 0.76483 0.3996 0.13867 0.0127 0.00591 <END>
0.00521 1.9542 1.96522 1.77219 1.1656 0.75109 0.46794 0.13007 0.04323 0.03244 <END>
0.02118 1.81524 1.97444 1.8036 1.18447 0.78048 0.37794 0.1359 0.05941 0.00532 <END>
0.00801 1.78673 1.98266 1.80024 1.17899 0.78382 0.36502 0.18408 0.0481 0.0129 <END>
0.00223 1.87465 1.97215 1.78831 1.16423 0.77636 0.39783 0.17907 0.02959 0.02585 <END>
0.00383 1.75567 1.96664 1.8042 1.16981 0.77948 0.4551 0.13508 0.01863 0.00459 <END>
0.00324 1.93006 1.98039 1.76192 1.16239 0.76536 0.48456 0.06954 0.02287 0.01706 <END>
0.00823 1.76152 1.97928 1.77893 1.15874 0.7623 0.46312 0.19872 0.01235 0.0233 <END>
0.00412 1.91195 1.96089 1.75199 1.15261 0.75976 0.45042 0.13208 0.01813 0.0057 <END>
0.00346 1.96885 1.97186 1.74906 1.15104 0.75133 0.43707 0.17104 0.01923 0.0178 <END>
0.00288 1.84927 1.97108 1.75985 1.15476 0.76054 0.40794 0.1434 0.0181 0.01364 <END>
0.00601 1.74448 1.97158 1.79429 1.178 0.76713 0.38236 0.14039 0.04314 0.00646 <END>
0.00202 1.9316 1.97544 1.7384 1.13992 0.75312 0.47249 0.08458 0.07784 0.03253 <END>
0.01085 1.68482 1.97457 1.77478 1.16425 0.7703 0.383 0.13333 0.04692 0.01863 <END>
0.00164 1.9017 1.97525 1.74548 1.14217 0.75288 0.48637 0.18478 0.04403 0.01867 <END>
0.00558 1.88077 1.98908 1.7475 1.14752 0.75304 0.49226 0.15696 0.01551 0.01291 <END>
0.00021 1.83927 1.98343 1.75041 1.14437 0.75481 0.47583 0.1363 0.0235 0.0145 <END>
0.00211 1.89444 1.97285 1.72719 1.1341 0.72884 0.49859 0.17174 0.06684 0.01848 <END>
0.00637 1.77674 1.97812 1.75268 1.14003 0.74819 0.44494 0.13198 0.01445 0.00726 <END>
0.00142 1.93908 1.98403 1.69614 1.11883 0.72873 0.5061 0.24885 0.07466 0.00631 <END>
0.01112 1.92324 1.9735 1.72807 1.10482 0.72561 0.50258 0.20454 0.02176 0.00581 <END>
0.00161 1.90868 1.98954 1.70897 1.11968 0.72659 0.47374 0.17374 0.05557 0.03117 <END>
0.01564 1.87655 1.99992 1.72036 1.10939 0.74153 0.4925 0.15772 0.04081 0.00329 <END>
0.00263 1.763 1.98188 1.7509 1.14355 0.75201 0.47814 0.20584 0.01032 0.01046 <END>
0.00227 1.85691 1.98419 1.72533 1.13193 0.74476 0.5136 0.1841 0.02602 0.00353 <END>
0.00336 1.73401 2.0036 1.73673 1.13483 0.74701 0.43558 0.11579 0.01939 0.01056 <END>
0.00491 1.91807 1.97938 1.69117 1.09192 0.71826 0.48448 0.22138 0.01499 0.01032 <END>
0.00114 1.79991 1.98801 1.71317 1.12244 0.735 0.49892 0.20287 0.05603 0.01573 <END>
0.00396 1.73833 1.98053 1.73222 1.12398 0.74922 0.44685 0.13815 0.02246 0.01054 <END>
0.00855 1.91894 1.9721 1.67754 1.09469 0.72681 0.50155 0.25479 0.02973 0.00946 <END>
0.00659 1.76802 1.97888 1.69999 1.11203 0.73532 0.50382 0.25698 0.10488 0.02346 <END>
0.00577 1.70928 1.99602 1.71639 1.11187 0.73419 0.48776 0.23054 0.00497 0.02504 <END>
0.00373 1.76314 1.97487 1.71073 1.10658 0.72652 0.48445 0.07549 0.05529 0.02817 <END>
0.00861 1.83938 1.98875 1.66732 1.08781 0.71834 0.48186 0.26015 0.03643 0.00573 <END>
0.00377 1.82309 1.98608 1.67423 1.09967 0.7248 0.48835 0.2556 0.04097 0.03128 <END>
0.01594 1.8018 1.97553 1.69418 1.10394 0.71308 0.48119 0.28807 0.00543 0.00622 <END>
0.00375 1.84698 1.97856 1.68745 1.09578 0.70883 0.46994 0.27958 0.01722 0.00944 <END>
0.00252 1.88257 1.97135 1.68225 1.09857 0.71101 0.48137 0.24313 0.01138 0.00224 <END>
0.00162 1.84643 1.98875 1.67189 1.08042 0.70787 0.47608 0.28527 0.01844 0.00984 <END>
0.00086 1.78675 1.97127 1.68539 1.08885 0.71971 0.50671 0.25909 0.02841 0.03131 <END>
0.01002 1.8211 1.99104 1.66326 1.08294 0.70198 0.46161 0.25473 0.01003 0.00466 <END>
0.00231 1.87023 1.99229 1.65881 1.08426 0.70669 0.46658 0.30266 0.01939 0.01323 <END>
0.00102 1.86921 1.9723 1.64721 1.05942 0.70743 0.48184 0.32757 0.02391 0.00841 <END>
0.00775 1.82376 1.97638 1.6683 1.07893 0.70845 0.48119 0.30676 0.03026 0.00834 <END>
0.00255 1.90441 1.94779 1.62051 1.04872 0.69109 0.47159 0.33515 0.02927 0.01687 <END>
0.01168 1.81117 1.96653 1.66244 1.08012 0.69889 0.47561 0.27836 0.00539 0.00216 <END>
0.00307 1.74075 1.96965 1.67517 1.09291 0.70897 0.49173 0.27432 0.01802 0.00818 <END>
0.00146 1.82443 1.96998 1.65424 1.07225 0.69038 0.47986 0.31456 0.04101 0.00767 <END>
0.00736 1.84555 1.99224 1.64846 1.06719 0.69948 0.49382 0.34513 0.04476 0.01501 <END>
0.00115 1.82781 1.96415 1.65148 1.0656 0.70378 0.46175 0.28452 0.00801 0.00903 <END>
0.00044 1.86367 1.97476 1.63859 1.0491 0.68995 0.46049 0.31427 0.0166 0.00071 <END>
0.00234 1.82311 1.97017 1.63282 1.05198 0.69937 0.47068 0.32823 0.00559 0.00302 <END>
0.0021 1.76701 1.9837 1.63802 1.06181 0.69226 0.47754 0.36218 0.02994 0.00208 <END>
0.00124 1.78354 1.98919 1.63116 1.07585 0.69053 0.48299 0.28865 0.03614 0.00977 <END>
0.01088 1.90349 1.97617 1.60937 1.04388 0.68937 0.46061 0.30834 0.0067 0.02014 <END>
0.00473 1.8994 1.9673 1.61407 1.04165 0.68171 0.46315 0.31805 0.01547 0.0058 <END>
0.00161 1.85578 1.96786 1.59905 1.04573 0.67706 0.46343 0.33401 0.00507 0.0051 <END>
0.00148 1.88655 1.97287 1.60692 1.03173 0.66071 0.46106 0.33387 0.00302 0.00563 <END>
0.00488 1.89628 1.97737 1.57929 1.04032 0.67721 0.44289 0.31143 0.00579 0.00918 <END>
0.00084 1.58684 1.96998 1.65357 1.07741 0.69985 0.48747 0.33337 0.06187 0.02777 <END>
0.012 1.64797 1.9818 1.65467 1.06352 0.69731 0.46707 0.27649 0.01129 0.00292 <END>
0.00341 1.97472 1.97291 1.56495 1.02253 0.66482 0.44864 0.31389 0.0155 0.00402 <END>
0.00092 1.78429 1.99047 1.60703 1.03847 0.67586 0.46462 0.31956 0.01239 0.00241 <END>
0.00283 1.87899 1.97534 1.59512 1.02792 0.67349 0.4665 0.32913 0.02386 0.01361 <END>
0.00524 1.83651 1.98067 1.5647 1.01815 0.65852 0.34169 0.26359 0.03425 0.00337 <END>
0.01112 1.82423 1.97313 1.5934 1.03031 0.66318 0.44571 0.30668 0.01193 0.01018 <END>
0.00516 1.70748 1.97218 1.62197 1.05413 0.69682 0.46152 0.32063 0.02156 0.00163 <END>
0.01109 1.70297 1.97334 1.61566 1.03179 0.67629 0.34449 0.12941 0.01873 0.00333 <END>
0.00327 1.89024 1.97378 1.57642 1.00975 0.66602 0.46009 0.28679 0.00831 0.0104 <END>
0.00333 1.85243 1.97081 1.578 1.02705 0.66164 0.36408 0.12635 0.00662 0.00207 <END>
0.00214 1.83152 1.97469 1.56001 0.99942 0.66359 0.21891 0.1211 0.04192 0.00787 <END>
0.00237 1.85937 1.98747 1.56661 1.00547 0.65728 0.23325 0.0894 0.00724 0.00152 <END>
0.00027 1.81398 1.96901 1.57328 1.01846 0.66108 0.23154 0.06572 0.01407 0.0129 <END>
0.00471 1.9671 1.98712 1.53298 0.99702 0.64444 0.22537 0.09029 0.017 0.00344 <END>
0.00706 1.76697 1.97335 1.5638 0.99923 0.64894 0.35357 0.07762 0.0143 0.00871 <END>
0.00615 1.87077 1.98704 1.54032 0.98446 0.64411 0.19802 0.33641 0.01739 0.00462 <END>
0.00781 1.88255 1.98117 1.5358 0.99946 0.65138 0.21747 0.13936 0.04073 0.00235 <END>
0.00364 1.83295 1.9869 1.56162 0.9998 0.64117 0.25549 0.10475 0.01966 0.01432 <END>
0.00185 1.74418 1.97195 1.56824 1.00989 0.64947 0.24471 0.12717 0.02883 0.00745 <END>
0.00116 1.82537 1.97235 1.53826 0.9984 0.64864 0.19784 0.13747 0.04551 0.01146 <END>
0.01937 1.66434 1.9775 1.59645 1.02617 0.66582 0.34772 0.10349 0.01781 0.00426 <END>
0.00439 1.68133 1.97812 1.58479 1.03542 0.66952 0.32243 0.3093 0.02467 0.01073 <END>
0.00467 1.76063 1.99084 1.5541 1.00522 0.65377 0.23837 0.08922 0.00855 0.00836 <END>
0.00155 1.95364 1.96328 1.52371 0.98606 0.62522 0.20177 0.04324 0.02102 0.00476 <END>
0.00202 1.86633 1.96444 1.5372 1.00547 0.65667 0.22276 0.04641 0.00573 0.0131 <END>
0.00365 1.82751 1.97441 1.52793 0.98939 0.63107 0.21426 0.05378 0.01384 0.00298 <END>
0.00169 1.79741 1.96351 1.53807 0.98656 0.6416 0.2348 0.06402 0.02993 0.01732 <END>
0.00789 1.79278 1.99488 1.52306 0.98359 0.63849 0.22643 0.0651 0.02124 0.01384 <END>
0.00073 1.99714 1.97665 1.49769 0.96331 0.63486 0.21124 0.1149 0.02509 0.01555 <END>
0.00853 1.91897 1.95619 1.47363 0.96239 0.62442 0.22956 0.03803 0.0122 0.00133 <END>
0.00041 1.90143 1.96707 1.50105 0.96323 0.62697 0.25755 0.06314 0.02254 0.0042 <END>
0.00378 1.95592 1.97135 1.48802 0.95192 0.62354 0.27961 0.08704 0.02087 0.00986 <END>
0.00307 1.85016 1.95922 1.49688 0.95979 0.63128 0.2396 0.08436 0.03104 0.00157 <END>
0.00886 1.78396 1.95903 1.51932 0.98132 0.64931 0.20457 0.09953 0.02818 0.00392 <END>
0.00737 1.77816 1.95744 1.47385 0.96543 0.63137 0.25358 0.09697 0.03103 0.00668 <END>
0.00485 1.78069 1.97371 1.50838 0.97374 0.63317 0.24259 0.0752 0.0148 0.01195 <END>
0.00779 1.76158 1.97516 1.53009 0.97739 0.63905 0.21634 0.05965 0.01153 0.00442 <END>
0.00283 1.81561 1.97763 1.52003 0.96616 0.61951 0.19066 0.04732 0.02713 0.00725 <END>
0.00912 1.90358 1.98585 1.48078 0.9494 0.59577 0.26337 0.058 0.02385 0.01065 <END>
0.00659 1.90209 1.95858 1.47716 0.96476 0.61625 0.22662 0.03891 0.01158 0.00466 <END>
0.00099 1.89663 1.9841 1.47738 0.96367 0.61804 0.23396 0.07517 0.01649 0.00332 <END>
0.00209 1.76778 1.95891 1.50649 0.97978 0.62294 0.27496 0.17843 0.04792 0.02513 <END>
0.00809 1.78735 1.97886 1.47517 0.96441 0.63387 0.25241 0.06519 0.00154 0.00265 <END>
0.00302 1.78551 1.96345 1.51282 0.9612 0.62496 0.27953 0.07364 0.00744 0.02599 <END>
0.01872 1.9149 1.96313 1.45743 0.94363 0.59907 0.24266 0.06123 0.01885 0.00442 <END>
0.00275 1.76521 1.97244 1.46893 0.96247 0.61878 0.29082 0.05744 0.00585 0.00715 <END>
0.0019 1.95766 1.97189 1.45316 0.94224 0.60687 0.36339 0.07865 0.01338 0.00516 <END>
0.00221 1.94225 1.97693 1.44389 0.92135 0.60418 0.34672 0.08763 0.0065 0.01567 <END>
0.0113 1.88446 1.94962 1.4637 0.95097 0.59953 0.30115 0.04982 0.01397 0.00149 <END>
0.00342 1.88509 1.97106 1.45652 0.94881 0.60848 0.27976 0.0614 0.01749 0.00845 <END>
0.00019 1.94849 1.96507 1.44514 0.93798 0.59818 0.29716 0.09244 0.00895 0.00436 <END>
0.00152 1.88777 1.96326 1.46522 0.94176 0.59821 0.30257 0.08006 0.02217 0.00793 <END>
0.0006 1.82569 1.98351 1.46815 0.93309 0.60963 0.25705 0.10889 0.00166 0.00566 <END>
0.00512 1.90108 1.96147 1.4394 0.9281 0.58673 0.35901 0.05813 0.00898 0.00873 <END>
0.00616 1.83113 1.98386 1.45127 0.92926 0.59811 0.27237 0.0559 0.00971 0.00102 <END>
0.0037 2.02192 1.97822 1.40261 0.90524 0.59465 0.41077 0.05828 0.01227 0.0026 <END>
0.00072 1.9259 1.97593 1.4092 0.92068 0.58174 0.37076 0.08641 0.01273 0.00721 <END>
0.00359 1.91355 1.96778 1.42715 0.91335 0.58121 0.39183 0.04281 0.00542 0.00364 <END>
0.00307 1.81945 1.96924 1.43193 0.93728 0.58394 0.39623 0.02683 0.00182 0.00178 <END>
0.00135 1.96174 1.97096 1.43114 0.9133 0.58528 0.35962 0.07072 0.00671 0.01249 <END>
0.00857 1.98323 1.96528 1.40996 0.90905 0.5734 0.39692 0.03562 0.00536 0.00272 <END>
0.00221 1.96409 1.95841 1.40476 0.9137 0.57619 0.35337 0.06364 0.00925 0.00387 <END>
0.00347 1.92994 1.96691 1.41035 0.89898 0.59424 0.39772 0.07521 0.007 0.01173 <END>
0.00396 1.75615 1.97862 1.44549 0.93864 0.58595 0.42637 0.04461 0.01052 0.00331 <END>
0.00309 1.86676 1.94944 1.41872 0.90627 0.58607 0.37492 0.0666 0.02056 0.02471 <END>
0.01737 1.83919 1.97843 1.44935 0.91919 0.58778 0.37648 0.05918 0.01092 0.00052 <END>
0.00139 1.8128 1.96408 1.43161 0.91472 0.57813 0.38371 0.08035 0.02333 0.00351 <END>
0.00383 1.82971 1.96127 1.42979 0.91993 0.58494 0.38283 0.11477 0.03165 0.01127 <END>
0.00159 1.9187 1.97699 1.38047 0.89226 0.57081 0.37793 0.04841 0.00548 0.00753 <END>
0.00293 1.83969 1.97553 1.42249 0.90088 0.57646 0.36452 0.08748 0.01815 0.00713 <END>
0.01118 1.76465 1.994 1.42209 0.90545 0.59682 0.38974 0.04387 0.00929 0.00229 <END>
0.00054 1.90208 1.94871 1.4178 0.90868 0.57524 0.37525 0.07828 0.00582 0.01333 <END>
0.00616 1.76275 1.95902 1.41931 0.90943 0.58091 0.35862 0.04206 0.01932 0.02412 <END>
0.01278 1.9256 1.97916 1.37489 0.86787 0.5767 0.39395 0.10064 0.00289 0.02134 <END>
0.00665 1.86727 1.96391 1.41023 0.89712 0.58071 0.41265 0.03066 0.00701 0.00346 <END>
0.00099 1.85815 1.98162 1.41557 0.89196 0.56121 0.39801 0.0849 0.00545 0.01017 <END>
0.00567 1.88437 1.97158 1.40976 0.89513 0.56962 0.38825 0.05569 0.0228 0.01565 <END>
