-0.0 468.59 428.45 402.99 333.49 297.05 288.37 294.44 314.88 -0.0 -0.0 <END>
-0.0 495.0 432.0 406.73 339.6 299.82 289.35 295.63 311.28 -0.0 <END>
-0.0 495.0 436.03 407.02 341.39 298.35 287.5 295.5 311.62 -0.0 <END>
-0.0 471.88 434.46 407.44 336.9 297.27 288.07 297.53 314.93 -0.0 <END>
-0.0 495.0 436.45 407.93 339.27 300.41 290.81 295.44 312.69 -0.0 -0.0 <END>
-0.0 478.34 440.33 409.9 340.08 298.75 289.12 295.84 310.4 -0.0 <END>
-0.0 473.15 434.68 407.95 337.33 297.98 289.46 296.85 316.44 -0.0 <END>
-0.0 495.0 432.68 407.58 337.36 297.93 289.17 297.32 315.84 -0.0 <END>
-0.0 475.89 434.82 408.69 339.06 299.0 289.92 297.48 319.13 -0.0 <END>
-0.0 495.0 438.34 409.34 336.35 298.81 290.95 296.38 313.51 -0.0 <END>
-0.0 475.02 435.0 409.35 337.45 299.21 290.93 300.73 322.67 -0.0 <END>
-0.0 495.0 431.43 408.31 335.25 297.98 291.25 300.43 321.56 -0.0 <END>
-0.0 473.64 436.4 410.49 339.14 300.18 291.69 299.79 320.58 -0.0 <END>
-0.0 495.0 436.35 410.62 339.03 300.5 292.11 300.66 322.46 -0.0 <END>
-0.0 468.84 431.66 408.97 337.16 299.85 292.23 300.36 325.55 -0.0 <END>
-0.0 476.93 433.73 410.27 340.18 301.13 292.4 299.71 319.16 -0.0 <END>
-0.0 475.81 437.58 412.03 339.75 301.35 292.91 301.52 323.22 -0.0 <END>
-0.0 495.0 434.62 410.81 337.93 300.78 293.22 303.7 322.03 -0.0 <END>
-0.0 495.0 430.21 409.51 337.91 300.81 293.6 299.84 321.62 -0.0 <END>
-0.0 470.21 429.77 409.12 336.69 300.56 293.87 304.4 322.85 -0.0 <END>
-0.0 495.0 435.79 412.58 338.45 301.19 295.05 303.91 325.89 -0.0 <END>
-0.0 473.02 432.81 410.54 337.12 301.24 294.75 304.16 326.24 -0.0 <END>
-0.0 495.0 427.43 408.74 336.7 301.01 294.76 304.34 322.57 -0.0 <END>
-0.0 495.0 431.24 410.77 338.25 301.92 295.51 305.97 324.7 -0.0 <END>
-0.0 495.0 432.22 411.14 335.91 301.54 295.84 307.26 324.79 -0.0 <END>
-0.0 467.13 432.75 411.46 336.97 302.15 295.83 307.06 323.46 -0.0 <END>
-0.0 465.05 426.67 409.51 336.04 301.88 295.95 305.52 326.55 -0.0 <END>
-0.0 495.0 430.35 411.38 338.94 303.01 296.79 304.7 329.83 -0.0 <END>
-0.0 478.25 434.52 413.56 342.1 304.18 296.61 306.19 324.91 -0.0 <END>
-0.0 475.85 432.4 412.27 339.43 303.47 296.95 307.82 326.8 -0.0 <END>
-0.0 495.0 433.31 413.68 340.7 304.15 297.72 308.71 329.71 -0.0 <END>
-0.0 479.19 435.64 414.48 341.58 304.88 297.78 307.59 329.38 -0.0 <END>
-0.0 495.0 431.04 412.37 337.83 303.47 297.76 307.06 330.42 -0.0 <END>
-0.0 474.6 435.63 414.17 337.73 303.39 298.09 307.16 326.27 -0.0 <END>
-0.0 476.65 437.04 415.09 339.97 304.41 299.28 309.16 331.2 -0.0 <END>
-0.0 472.32 430.9 413.0 338.3 304.22 299.45 310.14 270.66 -0.0 <END>
-0.0 467.23 430.18 411.41 335.74 303.06 298.88 309.5 271.18 -0.0 <END>
-0.0 471.31 433.25 413.5 337.69 304.3 299.38 309.83 270.96 -0.0 <END>
-0.0 477.46 438.15 415.4 338.07 304.8 299.95 311.12 328.17 -0.0 <END>
-0.0 475.58 433.8 412.98 336.14 303.4 300.48 310.43 91.01 -0.0 <END>
-0.0 495.0 433.37 413.23 337.56 304.77 299.84 309.89 273.58 -0.0 <END>
-0.0 495.0 440.43 416.35 339.96 305.55 300.48 309.31 333.33 -0.0 <END>
-0.0 477.39 434.7 414.33 339.09 305.05 300.56 310.32 333.08 -0.0 <END>
-0.0 470.56 434.58 412.93 336.45 304.19 300.24 309.51 213.27 -0.0 <END>
-0.0 495.0 434.91 413.54 337.18 304.45 300.26 308.34 268.12 -0.0 <END>
-0.0 478.59 439.01 415.58 339.11 306.16 302.07 311.24 157.13 -0.0 <END>
-0.0 472.62 435.39 413.6 337.26 305.25 301.35 307.45 272.9 -0.0 <END>
-0.0 495.0 436.64 412.53 335.95 304.76 301.84 313.16 91.36 -0.0 <END>
-0.0 495.0 436.6 413.06 336.59 305.28 302.6 311.25 153.87 -0.0 <END>
-0.0 495.0 439.17 414.65 337.94 305.86 302.69 309.94 269.66 -0.0 <END>
-0.0 468.25 436.7 411.39 334.74 304.03 301.46 315.28 29.1 -0.0 <END>
-0.0 472.87 436.64 412.31 335.6 305.19 302.59 314.32 151.28 -0.0 <END>
-0.0 495.0 439.78 415.65 338.35 306.44 303.04 310.09 214.95 -0.0 <END>
-0.0 478.3 440.77 415.72 338.69 306.33 302.52 312.28 216.2 -0.0 <END>
-0.0 470.79 436.73 409.63 333.76 305.02 303.75 313.35 -0.0 -0.0 <END>
-0.0 495.0 443.75 416.36 338.67 306.7 302.75 314.78 153.63 -0.0 <END>
-0.0 495.0 443.31 415.18 337.92 306.69 304.63 320.75 34.24 -0.0 <END>
-0.0 479.44 444.65 416.63 338.98 307.57 304.08 311.72 155.52 -0.0 <END>
-0.0 495.0 438.74 412.62 335.61 305.72 303.93 311.8 39.72 -0.0 <END>
-0.0 470.17 441.27 412.5 335.48 306.65 305.33 318.12 35.02 -0.0 <END>
-0.0 471.65 441.41 413.64 336.02 306.08 304.17 315.41 -0.0 -0.0 <END>
-0.0 495.0 440.91 412.27 335.49 306.43 304.5 315.1 34.69 -0.0 <END>
-0.0 495.0 441.66 413.47 334.86 306.33 306.22 316.28 -0.0 -0.0 <END>
-0.0 465.98 442.35 411.24 334.47 306.69 305.9 316.71 -0.0 -0.0 <END>
-0.0 495.0 443.84 413.59 336.33 307.2 305.7 317.99 38.43 -0.0 <END>
-0.0 495.0 441.54 412.65 335.52 306.96 305.68 316.81 37.06 -0.0 <END>
-0.0 495.0 445.47 414.18 336.72 307.68 306.13 318.58 39.01 -0.0 <END>
-0.0 495.0 441.64 411.72 334.87 306.41 305.25 315.87 -0.0 -0.0 <END>
-0.0 472.81 444.55 409.88 333.87 307.69 307.05 324.19 -0.0 -0.0 <END>
-0.0 495.0 445.55 414.52 336.71 307.29 306.92 317.23 -0.0 -0.0 <END>
-0.0 495.0 448.0 414.95 337.35 307.93 307.25 321.55 -0.0 -0.0 <END>
-0.0 467.71 439.77 407.72 332.3 306.17 306.36 318.94 -0.0 -0.0 <END>
-0.0 495.0 445.55 411.87 335.07 307.85 307.61 320.97 -0.0 -0.0 <END>
-0.0 495.0 444.51 410.22 332.84 307.42 308.16 321.12 -0.0 -0.0 <END>
-0.0 469.93 443.7 408.67 333.6 307.76 308.51 318.19 -0.0 -0.0 <END>
-0.0 495.0 444.27 410.29 334.05 307.75 307.71 325.71 -0.0 -0.0 <END>
-0.0 473.0 446.64 412.35 335.28 307.65 308.12 322.04 -0.0 -0.0 <END>
-0.0 495.0 446.46 410.23 334.08 308.2 308.6 326.88 -0.0 -0.0 <END>
-0.0 473.43 446.82 411.67 335.38 308.12 307.73 323.92 -0.0 -0.0 <END>
-0.0 495.0 447.54 411.63 335.27 308.68 308.66 320.7 -0.0 -0.0 <END>
-0.0 495.0 447.38 409.62 334.11 308.76 309.48 325.61 -0.0 -0.0 <END>
-0.0 475.81 447.7 412.08 335.15 308.59 308.85 323.85 -0.0 -0.0 <END>
-0.0 495.0 445.94 409.04 333.56 307.95 308.48 324.75 -0.0 -0.0 <END>
-0.0 474.08 448.72 410.75 334.82 309.07 309.33 325.59 -0.0 -0.0 <END>
-0.0 475.96 449.16 410.69 335.03 309.62 310.17 325.04 -0.0 -0.0 <END>
-0.0 495.0 451.76 412.33 336.09 310.09 310.9 320.97 -0.0 -0.0 <END>
-0.0 495.0 446.2 400.42 332.17 308.62 310.55 322.5 -0.0 -0.0 <END>
-0.0 480.03 452.52 413.9 336.8 309.88 310.75 326.91 -0.0 -0.0 <END>
-0.0 495.0 448.46 401.15 332.91 309.45 311.68 327.92 -0.0 -0.0 <END>
-0.0 495.0 450.65 404.55 334.84 310.19 311.47 327.78 -0.0 -0.0 <END>
-0.0 477.24 451.3 410.8 335.17 310.37 311.81 324.17 -0.0 -0.0 <END>
-0.0 470.83 449.42 400.74 332.9 309.95 312.58 332.23 -0.0 -0.0 <END>
-0.0 495.0 448.12 398.11 331.71 309.71 312.17 327.48 -0.0 -0.0 <END>
-0.0 495.0 452.74 404.54 334.86 311.05 313.12 324.19 -0.0 -0.0 <END>
-0.0 495.0 448.97 398.76 332.01 309.93 313.34 330.31 -0.0 -0.0 <END>
-0.0 474.05 452.55 402.52 333.97 310.32 312.26 327.47 -0.0 -0.0 <END>
-0.0 476.51 453.81 401.74 333.69 310.92 312.44 327.6 -0.0 -0.0 <END>
-0.0 475.32 453.46 402.1 333.89 310.94 313.44 334.68 -0.0 -0.0 <END>
-0.0 468.52 450.93 399.2 332.68 310.52 313.28 325.74 -0.0 -0.0 <END>
-0.0 477.02 454.75 402.88 334.87 311.94 314.52 326.13 -0.0 -0.0 <END>
-0.0 468.65 451.95 399.83 332.78 311.05 313.67 332.18 -0.0 -0.0 <END>
-0.0 475.69 454.21 401.88 334.43 312.07 314.5 330.31 -0.0 -0.0 <END>
-0.0 476.24 456.22 403.28 334.86 311.91 314.7 335.18 -0.0 -0.0 <END>
-0.0 495.0 449.07 393.67 330.04 310.66 313.26 332.92 -0.0 -0.0 <END>
-0.0 495.0 452.46 398.02 332.33 311.33 314.6 331.03 -0.0 -0.0 <END>
-0.0 495.0 452.25 399.22 332.88 311.32 313.11 327.08 -0.0 -0.0 <END>
-0.0 470.3 454.13 399.13 333.22 312.29 314.11 326.7 -0.0 -0.0 <END>
-0.0 495.0 456.41 400.7 334.19 312.73 315.22 334.65 -0.0 -0.0 <END>
-0.0 476.09 457.78 401.87 333.71 313.1 316.27 338.03 -0.0 -0.0 <END>
-0.0 478.09 458.47 401.47 334.72 313.54 315.59 330.86 -0.0 -0.0 <END>
-0.0 495.0 457.41 401.58 334.73 313.32 314.46 329.17 -0.0 -0.0 <END>
-0.0 473.82 457.71 400.31 334.19 313.37 316.79 330.58 0.0 0.0 <END>
0.0 476.51 458.78 400.87 334.78 313.69 318.28 334.03 -0.0 -0.0 <END>
-0.0 495.0 454.59 395.88 331.07 312.8 315.68 339.24 -0.0 -0.0 <END>
-0.0 495.0 455.18 394.52 331.82 312.99 318.45 337.11 -0.0 -0.0 <END>
-0.0 469.05 455.83 397.08 332.65 312.71 316.73 336.89 -0.0 -0.0 <END>
-0.0 495.0 459.35 399.54 334.62 314.48 318.32 337.35 -0.0 -0.0 <END>
-0.0 495.0 457.13 396.59 333.04 314.36 316.47 333.22 -0.0 -0.0 <END>
-0.0 495.0 457.29 397.65 333.25 313.95 315.97 338.32 -0.0 -0.0 <END>
-0.0 495.0 456.07 393.41 331.8 314.08 316.81 341.22 -0.0 -0.0 <END>
-0.0 474.01 459.14 397.42 333.59 314.95 316.95 334.57 -0.0 -0.0 <END>
-0.0 495.0 457.84 394.12 332.35 314.95 317.55 340.03 -0.0 -0.0 <END>
-0.0 495.0 459.5 394.71 332.81 315.05 319.1 339.25 -0.0 -0.0 <END>
-0.0 495.0 461.0 397.1 333.99 315.45 319.28 339.63 -0.0 -0.0 <END>
-0.0 475.19 461.63 399.6 334.89 315.59 319.89 337.94 -0.0 -0.0 <END>
-0.0 495.0 458.78 393.26 332.65 315.61 320.84 344.04 -0.0 -0.0 <END>
-0.0 495.0 462.96 399.27 335.31 316.58 320.73 339.27 -0.0 -0.0 <END>
-0.0 495.0 459.35 393.64 332.57 315.7 319.51 337.64 -0.0 -0.0 <END>
-0.0 495.0 460.1 394.13 333.14 316.3 318.89 342.33 -0.0 -0.0 <END>
-0.0 495.0 462.85 396.26 334.26 316.68 321.32 339.18 -0.0 -0.0 <END>
-0.0 495.0 459.75 392.69 332.67 316.15 323.96 338.97 -0.0 -0.0 <END>
-0.0 495.0 462.08 395.54 333.72 316.62 321.0 339.33 -0.0 -0.0 <END>
-0.0 495.0 459.39 390.09 331.7 316.12 322.03 334.64 0.0 0.0 <END>
0.0 495.0 461.91 392.75 332.53 317.37 323.92 336.35 -0.0 -0.0 <END>
-0.0 495.0 461.81 391.63 332.86 317.41 325.25 335.78 -0.0 -0.0 <END>
-0.0 495.0 462.98 393.88 333.83 317.92 322.46 346.69 -0.0 -0.0 <END>
-0.0 495.0 465.58 396.83 335.35 318.58 321.91 342.12 -0.0 -0.0 <END>
-0.0 495.0 466.65 395.51 335.21 319.13 324.56 339.27 -0.0 -0.0 <END>
-0.0 495.0 467.69 397.93 336.01 318.85 325.08 348.05 -0.0 -0.0 <END>
-0.0 495.0 460.94 388.79 332.11 317.78 325.36 341.5 -0.0 -0.0 <END>
-0.0 495.0 466.11 394.1 334.76 319.47 327.79 341.56 -0.0 -0.0 <END>
-0.0 495.0 465.57 395.09 334.63 318.65 324.77 345.13 -0.0 -0.0 <END>
-0.0 495.0 464.31 389.84 333.61 319.67 326.1 341.46 -0.0 -0.0 <END>
-0.0 495.0 464.71 392.71 334.05 319.04 326.19 338.68 -0.0 -0.0 <END>
-0.0 495.0 465.15 393.57 334.31 319.18 328.72 344.62 -0.0 -0.0 <END>
-0.0 495.0 465.88 393.31 334.52 319.68 327.49 349.67 -0.0 -0.0 <END>
-0.0 495.0 463.68 389.3 333.25 319.67 328.01 340.75 -0.0 -0.0 <END>
-0.0 495.0 465.24 390.8 334.05 320.28 330.49 343.79 -0.0 -0.0 <END>
-0.0 495.0 467.52 392.51 335.03 320.78 329.16 342.87 -0.0 -0.0 <END>
-0.0 495.0 468.47 392.39 335.41 321.38 331.12 343.65 -0.0 -0.0 <END>
-0.0 495.0 468.66 392.11 335.26 321.58 330.61 347.03 -0.0 -0.0 <END>
-0.0 495.0 469.95 391.75 335.66 322.19 332.04 348.13 -0.0 -0.0 <END>
-0.0 495.0 471.6 394.18 336.57 322.22 327.73 342.64 -0.0 -0.0 <END>
-0.0 495.0 469.03 391.66 335.48 322.21 332.9 348.8 -0.0 -0.0 <END>
-0.0 495.0 469.6 390.77 335.63 322.38 332.57 355.11 -0.0 -0.0 <END>
-0.0 495.0 468.88 389.11 334.95 322.84 333.98 350.33 -0.0 -0.0 <END>
-0.0 495.0 471.05 391.85 336.38 323.0 332.94 354.63 -0.0 -0.0 <END>
-0.0 495.0 466.89 386.95 334.03 322.71 331.26 353.38 -0.0 -0.0 <END>
-0.0 495.0 472.19 391.95 336.33 323.39 332.89 345.18 -0.0 -0.0 <END>
-0.0 495.0 474.8 394.72 337.59 324.26 333.7 346.71 -0.0 -0.0 <END>
-0.0 495.0 471.56 391.13 336.54 323.68 334.47 355.37 -0.0 -0.0 <END>
-0.0 495.0 471.73 390.36 336.57 324.19 331.19 348.82 -0.0 -0.0 <END>
-0.0 495.0 471.54 390.18 336.57 324.47 338.26 353.86 -0.0 -0.0 <END>
-0.0 495.0 472.99 390.44 336.52 325.5 334.21 356.62 -0.0 -0.0 <END>
-0.0 495.0 472.55 389.95 337.03 325.42 336.76 355.82 -0.0 -0.0 <END>
-0.0 495.0 477.01 393.07 338.74 326.48 337.23 356.4 -0.0 -0.0 <END>
-0.0 495.0 475.68 392.26 338.34 325.94 333.81 353.35 -0.0 -0.0 <END>
-0.0 495.0 470.14 387.19 335.9 325.11 336.35 353.54 -0.0 -0.0 <END>
-0.0 495.0 474.73 390.34 338.03 326.77 336.98 354.4 -0.0 -0.0 <END>
-0.0 495.0 472.58 388.05 337.14 326.44 336.37 358.33 -0.0 -0.0 <END>
-0.0 495.0 475.24 390.11 337.83 327.68 339.46 363.69 -0.0 -0.0 <END>
-0.0 495.0 470.99 386.1 336.7 326.98 340.26 360.3 -0.0 -0.0 <END>
-0.0 495.0 482.5 396.83 341.11 328.53 335.93 350.84 -0.0 -0.0 <END>
-0.0 495.0 480.25 395.37 340.58 328.05 339.88 359.0 -0.0 -0.0 <END>
-0.0 495.0 471.86 386.09 337.22 328.12 339.55 363.3 -0.0 -0.0 <END>
-0.0 495.0 476.3 390.51 338.86 327.83 338.32 362.26 -0.0 -0.0 <END>
-0.0 495.0 474.55 388.19 338.25 328.44 337.96 361.43 -0.0 -0.0 <END>
-0.0 495.0 477.34 387.97 338.96 329.47 339.34 365.42 0.0 0.0 <END>
0.0 495.0 477.8 390.96 339.44 329.75 341.68 365.06 -0.0 -0.0 <END>
-0.0 495.0 482.64 395.05 341.91 330.35 342.89 363.25 -0.0 -0.0 <END>
-0.0 495.0 485.22 393.87 341.32 331.5 343.38 366.19 -0.0 -0.0 <END>
-0.0 495.0 476.85 388.54 340.01 330.75 341.35 367.23 -0.0 -0.0 <END>
-0.0 495.0 478.13 389.64 340.19 330.92 340.5 365.12 -0.0 -0.0 <END>
-0.0 495.0 483.85 390.99 341.07 332.57 345.15 369.82 -0.0 -0.0 <END>
-0.0 495.0 475.58 387.41 339.28 329.98 342.04 365.28 -0.0 -0.0 <END>
-0.0 495.0 480.86 391.13 342.12 332.84 344.26 367.48 -0.0 -0.0 <END>
-0.0 495.0 475.67 386.0 339.7 331.93 344.19 369.71 -0.0 -0.0 <END>
-0.0 495.0 479.09 387.79 339.61 331.59 341.06 364.61 -0.0 -0.0 <END>
-0.0 495.0 478.48 388.21 340.51 332.37 346.95 367.95 -0.0 -0.0 <END>
-0.0 495.0 475.81 386.23 339.93 332.07 347.24 370.38 -0.0 -0.0 <END>
-0.0 495.0 478.92 388.44 340.19 333.09 344.83 368.28 -0.0 -0.0 <END>
-0.0 495.0 482.49 390.94 342.25 333.53 344.24 369.97 -0.0 -0.0 <END>
-0.0 495.0 481.48 389.87 342.5 334.11 346.76 376.51 -0.0 -0.0 <END>
-0.0 495.0 488.34 395.51 345.03 334.81 345.44 371.35 -0.0 -0.0 <END>
-0.0 495.0 488.6 395.13 345.01 335.21 349.56 372.87 -0.0 -0.0 <END>
-0.0 495.0 483.27 390.87 342.98 334.94 348.7 375.24 -0.0 -0.0 <END>
-0.0 495.0 481.53 388.78 343.46 336.67 350.64 253.95 -0.0 -0.0 <END>
-0.0 495.0 488.05 393.33 345.51 337.28 348.58 374.67 -0.0 -0.0 <END>
-0.0 495.0 480.79 388.38 342.23 335.55 347.22 256.45 -0.0 -0.0 <END>
-0.0 495.0 486.91 392.0 345.65 338.22 348.9 374.14 -0.0 -0.0 <END>
-0.0 495.0 483.03 389.34 343.73 336.59 350.58 314.39 -0.0 -0.0 <END>
-0.0 495.0 478.32 385.46 343.04 337.44 350.93 74.61 -0.0 -0.0 <END>
-0.0 495.0 484.26 387.39 344.28 338.53 351.51 198.9 -0.0 -0.0 <END>
-0.0 495.0 487.89 389.54 345.99 340.49 353.08 317.98 -0.0 -0.0 <END>
-0.0 495.0 481.44 387.52 344.75 339.52 349.58 314.46 -0.0 -0.0 <END>
-0.0 495.0 484.9 389.77 345.36 339.26 351.56 317.32 -0.0 -0.0 <END>
-0.0 495.0 488.31 392.41 346.57 339.52 355.54 320.96 -0.0 -0.0 <END>
-0.0 495.0 489.05 390.41 346.53 340.75 352.48 262.69 -0.0 -0.0 <END>
-0.0 495.0 489.88 392.98 347.81 341.56 353.62 377.84 -0.0 -0.0 <END>
-0.0 495.0 494.25 395.69 349.28 342.41 355.97 258.12 -0.0 -0.0 <END>
-0.0 495.0 492.5 394.09 348.63 342.47 355.27 258.86 -0.0 -0.0 <END>
-0.0 495.0 484.24 388.62 345.49 341.21 354.84 142.8 -0.0 -0.0 <END>
-0.0 495.0 488.04 390.65 347.73 342.77 355.62 199.25 -0.0 -0.0 <END>
-0.0 495.0 490.2 392.21 349.38 344.27 354.23 260.35 -0.0 -0.0 <END>
-0.0 495.0 490.53 393.16 348.37 342.52 351.01 312.53 -0.0 -0.0 <END>
-0.0 495.0 489.2 391.38 348.2 342.88 358.01 322.36 -0.0 -0.0 <END>
-0.0 495.0 495.0 395.45 351.37 345.82 357.22 264.08 -0.0 -0.0 <END>
-0.0 495.0 486.8 389.81 348.39 344.71 358.59 143.17 -0.0 -0.0 <END>
-0.0 495.0 489.93 391.95 349.01 344.01 354.46 200.61 -0.0 -0.0 <END>
-0.0 495.0 485.86 388.84 348.63 344.73 355.94 81.41 -0.0 -0.0 <END>
-0.0 495.0 487.35 389.45 348.99 346.3 357.46 27.07 -0.0 -0.0 <END>
-0.0 495.0 489.82 391.21 350.25 346.61 360.92 83.37 -0.0 -0.0 <END>
-0.0 495.0 492.02 392.4 351.44 347.63 362.46 147.87 -0.0 -0.0 <END>
-0.0 495.0 491.93 392.3 351.94 348.54 360.89 85.8 -0.0 -0.0 <END>
-0.0 495.0 493.57 393.23 352.15 348.1 362.86 88.19 -0.0 -0.0 <END>
-0.0 495.0 494.75 394.08 352.4 348.37 360.7 143.46 -0.0 -0.0 <END>
-0.0 495.0 487.8 389.76 350.2 347.73 359.55 29.6 -0.0 -0.0 <END>
-0.0 495.0 494.52 394.02 353.57 350.61 365.18 -0.0 -0.0 -0.0 <END>
-0.0 495.0 484.65 387.32 350.21 348.57 361.87 -0.0 -0.0 -0.0 <END>
-0.0 495.0 493.6 390.99 353.45 351.46 365.42 27.07 -0.0 -0.0 <END>
-0.0 495.0 486.11 388.42 350.67 349.03 363.6 -0.0 -0.0 -0.0 <END>
-0.0 495.0 494.99 394.29 353.77 350.95 364.46 -0.0 -0.0 -0.0 <END>
-0.0 495.0 493.01 393.06 354.79 352.86 367.95 -0.0 -0.0 -0.0 <END>
-0.0 495.0 489.69 390.38 353.28 352.29 367.85 -0.0 -0.0 -0.0 <END>
-0.0 495.0 489.94 390.58 353.5 351.66 367.02 -0.0 -0.0 -0.0 <END>
-0.0 495.0 490.03 390.56 353.26 351.3 366.47 -0.0 -0.0 -0.0 <END>
-0.0 495.0 495.0 396.12 355.71 353.15 366.42 -0.0 -0.0 -0.0 <END>
-0.0 495.0 495.0 394.09 355.99 354.35 370.61 -0.0 -0.0 -0.0 <END>
-0.0 495.0 495.0 395.7 356.44 354.23 367.32 -0.0 -0.0 -0.0 <END>
-0.0 495.0 495.0 397.04 357.65 355.67 371.95 -0.0 -0.0 -0.0 <END>
-0.0 495.0 495.0 397.47 358.02 355.61 367.25 29.94 -0.0 -0.0 <END>
-0.0 495.0 489.21 389.92 354.43 354.22 375.01 -0.0 -0.0 -0.0 <END>
-0.0 495.0 495.0 396.94 358.78 357.94 376.26 -0.0 -0.0 -0.0 <END>
-0.0 495.0 494.97 393.75 355.66 354.19 369.86 -0.0 -0.0 -0.0 <END>
-0.0 495.0 495.0 396.84 358.81 357.17 376.39 -0.0 -0.0 -0.0 <END>
-0.0 495.0 495.0 394.53 356.7 355.73 374.33 -0.0 -0.0 -0.0 <END>
-0.0 495.0 491.42 391.42 356.25 356.32 374.06 32.72 -0.0 -0.0 <END>
-0.0 495.0 495.0 398.34 360.36 359.53 374.41 -0.0 -0.0 -0.0 <END>
-0.0 495.0 495.0 397.62 360.43 359.81 375.89 -0.0 -0.0 -0.0 <END>
-0.0 495.0 495.0 396.14 359.72 358.91 378.39 -0.0 -0.0 -0.0 <END>
