0.0 467.01 431.59 405.19 334.4 295.75 286.72 293.39 318.1 -0.0 -0.0 -0.0 <END>
-0.0 472.47 436.61 407.43 336.59 296.76 287.62 295.78 317.66 -0.0 -0.0 -0.0 <END>
-0.0 495.0 431.37 405.72 335.5 296.15 287.64 297.11 313.61 -0.0 -0.0 -0.0 <END>
-0.0 474.6 430.17 404.95 335.78 296.26 287.55 295.9 314.6 -0.0 -0.0 -0.0 <END>
-0.0 474.14 430.76 405.72 335.14 296.07 288.12 297.55 319.29 -0.0 -0.0 -0.0 <END>
-0.0 495.0 428.91 405.48 334.98 296.82 288.66 299.42 320.0 -0.0 -0.0 -0.0 <END>
-0.0 495.0 438.13 409.6 339.09 298.89 289.66 297.97 321.31 -0.0 -0.0 -0.0 <END>
-0.0 468.9 430.71 406.86 335.83 297.57 289.39 295.42 311.94 -0.0 -0.0 -0.0 <END>
-0.0 479.19 433.01 407.81 339.76 298.53 289.42 297.3 318.87 -0.0 -0.0 -0.0 <END>
-0.0 474.67 432.54 406.98 334.02 297.68 290.44 300.07 322.73 -0.0 -0.0 -0.0 <END>
-0.0 466.82 429.24 406.61 334.56 297.79 290.58 301.04 319.93 -0.0 -0.0 -0.0 <END>
-0.0 495.0 431.01 407.84 336.85 298.75 290.95 299.19 317.69 -0.0 -0.0 -0.0 <END>
-0.0 495.0 433.81 409.38 339.35 299.97 291.58 299.29 316.82 -0.0 -0.0 -0.0 <END>
-0.0 495.0 430.06 407.61 336.84 299.12 291.24 299.12 316.71 -0.0 -0.0 -0.0 <END>
-0.0 495.0 436.2 410.71 338.77 300.05 291.83 301.14 320.89 -0.0 -0.0 -0.0 <END>
-0.0 472.25 435.47 410.35 337.08 300.23 293.21 302.19 320.64 -0.0 -0.0 -0.0 <END>
-0.0 471.14 432.55 409.16 334.37 298.77 293.03 302.58 261.35 -0.0 -0.0 -0.0 <END>
-0.0 475.83 431.64 409.22 336.9 300.18 292.92 302.6 319.76 -0.0 -0.0 -0.0 <END>
-0.0 474.84 436.17 411.89 339.82 301.48 293.85 303.71 324.24 -0.0 -0.0 -0.0 <END>
-0.0 470.14 434.01 410.87 337.94 301.2 293.96 301.7 322.18 -0.0 -0.0 -0.0 <END>
-0.0 495.0 435.36 410.93 336.4 300.81 293.98 305.94 326.01 -0.0 -0.0 -0.0 <END>
-0.0 495.0 430.71 410.15 338.19 301.57 294.84 303.37 322.72 -0.0 -0.0 -0.0 <END>
-0.0 477.89 438.86 414.02 341.07 303.1 295.4 303.28 325.25 -0.0 -0.0 -0.0 <END>
-0.0 469.14 429.63 410.36 337.83 301.54 294.66 304.85 322.57 -0.0 -0.0 -0.0 <END>
-0.0 477.94 435.18 413.23 339.01 302.57 295.45 305.41 326.67 -0.0 -0.0 -0.0 <END>
-0.0 495.0 433.57 412.78 341.2 303.42 295.97 304.62 328.69 -0.0 -0.0 -0.0 <END>
-0.0 495.0 430.34 411.38 339.5 302.96 296.25 305.56 329.03 -0.0 -0.0 -0.0 <END>
-0.0 495.0 432.27 412.6 340.09 303.51 296.57 305.75 325.55 -0.0 -0.0 -0.0 <END>
-0.0 495.0 435.33 414.05 341.91 303.54 296.65 306.01 329.88 -0.0 -0.0 -0.0 <END>
-0.0 473.7 438.46 414.96 341.07 304.02 297.94 309.11 329.27 -0.0 -0.0 -0.0 <END>
-0.0 472.5 428.14 411.11 337.83 303.02 297.26 305.43 326.37 -0.0 -0.0 -0.0 <END>
-0.0 478.08 436.53 414.56 340.47 304.43 298.65 306.49 328.58 -0.0 -0.0 -0.0 <END>
-0.0 495.0 438.21 415.91 342.23 305.29 298.2 310.55 327.15 -0.0 -0.0 -0.0 <END>
-0.0 476.38 433.2 413.55 338.82 303.93 298.29 310.49 330.51 -0.0 -0.0 -0.0 <END>
-0.0 495.0 428.44 410.65 335.45 302.55 298.15 306.02 325.56 -0.0 -0.0 -0.0 <END>
-0.0 495.0 436.05 414.96 340.31 305.13 299.42 309.97 331.39 -0.0 -0.0 -0.0 <END>
-0.0 469.26 431.87 412.41 337.16 303.87 299.25 309.77 328.07 -0.0 -0.0 -0.0 <END>
-0.0 495.0 432.31 412.5 336.94 303.78 299.61 310.63 211.12 -0.0 -0.0 -0.0 <END>
-0.0 473.91 436.27 414.42 338.96 304.51 300.25 310.52 329.01 -0.0 -0.0 -0.0 <END>
-0.0 495.0 437.88 415.88 340.34 305.72 300.21 312.39 332.6 -0.0 -0.0 -0.0 <END>
-0.0 495.0 435.52 414.01 336.31 304.08 301.43 309.71 92.11 -0.0 -0.0 -0.0 <END>
-0.0 467.8 435.06 412.3 334.59 303.67 300.84 310.08 152.76 -0.0 -0.0 -0.0 <END>
-0.0 495.0 434.25 413.49 335.71 304.01 299.72 310.6 215.11 -0.0 -0.0 -0.0 <END>
-0.0 477.88 436.15 414.71 339.38 305.28 300.46 309.33 267.5 -0.0 -0.0 -0.0 <END>
-0.0 477.09 438.11 415.06 336.98 304.76 301.78 310.53 152.3 -0.0 -0.0 -0.0 <END>
-0.0 473.57 437.69 414.74 338.39 305.4 301.16 310.8 274.57 -0.0 -0.0 -0.0 <END>
-0.0 495.0 436.85 414.23 337.48 304.84 301.13 310.62 212.66 -0.0 -0.0 -0.0 <END>
-0.0 475.6 437.07 413.83 335.99 304.81 301.46 309.35 152.16 -0.0 -0.0 -0.0 <END>
-0.0 495.0 437.66 414.16 337.55 305.79 301.9 311.46 154.85 -0.0 -0.0 -0.0 <END>
-0.0 472.54 435.82 413.09 336.48 304.74 300.8 310.91 37.3 -0.0 -0.0 -0.0 <END>
-0.0 495.0 436.36 412.53 335.51 304.57 301.44 311.96 93.11 -0.0 -0.0 -0.0 <END>
-0.0 495.0 440.7 415.08 336.34 305.99 303.37 311.41 151.94 -0.0 -0.0 -0.0 <END>
-0.0 469.33 437.15 412.62 335.92 305.03 302.73 312.84 33.71 -0.0 -0.0 -0.0 <END>
-0.0 495.0 436.18 411.69 333.53 304.51 302.85 310.86 94.9 -0.0 -0.0 -0.0 <END>
-0.0 495.0 440.69 415.19 338.0 306.34 302.83 314.25 214.42 -0.0 -0.0 -0.0 <END>
-0.0 495.0 439.14 411.91 335.18 305.84 304.13 316.47 97.99 -0.0 -0.0 -0.0 <END>
-0.0 475.42 444.03 415.41 337.67 306.67 303.59 311.74 95.67 -0.0 -0.0 -0.0 <END>
-0.0 477.01 443.02 414.73 337.46 306.8 303.77 312.97 96.97 -0.0 -0.0 -0.0 <END>
-0.0 477.86 440.73 415.31 338.08 306.43 303.78 315.62 91.26 -0.0 -0.0 -0.0 <END>
-0.0 469.46 440.34 412.01 335.14 305.9 304.03 315.33 32.59 -0.0 -0.0 -0.0 <END>
-0.0 475.88 441.85 412.92 335.92 306.54 304.29 314.2 -0.0 -0.0 -0.0 -0.0 <END>
-0.0 495.0 436.3 409.01 331.79 304.59 305.11 319.51 -0.0 -0.0 -0.0 -0.0 <END>
-0.0 470.99 443.46 413.67 336.15 306.97 305.26 317.47 97.52 -0.0 -0.0 -0.0 <END>
-0.0 476.51 445.79 415.48 337.64 307.6 305.31 317.15 33.36 -0.0 -0.0 -0.0 <END>
-0.0 469.37 439.62 410.73 334.2 306.24 305.02 319.06 34.14 -0.0 -0.0 -0.0 <END>
-0.0 468.92 439.15 410.09 334.05 305.92 304.31 315.69 32.2 -0.0 -0.0 -0.0 <END>
-0.0 468.5 440.56 409.83 333.56 305.97 304.55 319.78 -0.0 -0.0 -0.0 -0.0 <END>
-0.0 476.31 443.83 414.13 336.77 307.65 305.96 316.49 -0.0 -0.0 -0.0 -0.0 <END>
-0.0 468.98 442.5 410.37 332.56 306.33 306.37 317.39 -0.0 -0.0 -0.0 -0.0 <END>
-0.0 471.74 444.36 411.02 333.1 307.15 307.49 326.46 -0.0 -0.0 -0.0 -0.0 <END>
-0.0 477.3 446.62 414.77 336.88 307.51 306.89 320.94 -0.0 -0.0 -0.0 -0.0 <END>
-0.0 495.0 443.01 410.08 333.86 307.16 306.81 319.37 -0.0 -0.0 -0.0 -0.0 <END>
-0.0 476.19 446.56 412.8 335.92 307.69 306.92 316.92 -0.0 -0.0 -0.0 -0.0 <END>
-0.0 473.54 444.6 410.29 334.21 307.47 306.86 321.13 -0.0 -0.0 -0.0 -0.0 <END>
-0.0 495.0 444.94 410.9 333.14 307.11 307.49 322.09 -0.0 -0.0 -0.0 -0.0 <END>
-0.0 495.0 445.66 410.85 334.35 308.05 308.16 324.62 -0.0 -0.0 -0.0 -0.0 <END>
-0.0 479.05 447.91 413.12 335.9 308.01 308.03 322.34 -0.0 -0.0 -0.0 -0.0 <END>
-0.0 495.0 446.15 411.95 335.33 308.46 308.69 320.73 -0.0 -0.0 -0.0 -0.0 <END>
-0.0 469.52 443.77 408.57 333.43 307.79 308.55 321.38 -0.0 -0.0 -0.0 -0.0 <END>
-0.0 495.0 444.42 410.15 332.68 307.21 309.43 323.34 -0.0 -0.0 -0.0 -0.0 <END>
-0.0 495.0 445.27 402.25 332.86 307.89 308.88 324.87 -0.0 -0.0 -0.0 -0.0 <END>
-0.0 495.0 446.4 409.66 333.88 308.54 308.49 325.52 -0.0 -0.0 -0.0 -0.0 <END>
-0.0 479.85 451.44 415.32 337.64 309.81 309.34 328.23 -0.0 -0.0 -0.0 -0.0 <END>
-0.0 471.46 446.07 408.88 332.32 307.85 309.21 322.67 -0.0 -0.0 -0.0 -0.0 <END>
-0.0 473.92 446.64 408.82 333.24 308.1 309.49 325.21 -0.0 -0.0 -0.0 -0.0 <END>
-0.0 495.0 448.31 410.98 334.59 308.5 308.59 324.16 -0.0 -0.0 -0.0 -0.0 <END>
-0.0 495.0 447.95 403.63 333.89 309.19 310.45 325.25 -0.0 -0.0 -0.0 -0.0 <END>
-0.0 471.97 448.1 403.02 333.48 309.07 311.2 321.5 -0.0 -0.0 -0.0 -0.0 <END>
-0.0 472.34 448.22 402.09 332.03 308.93 311.72 325.11 -0.0 -0.0 -0.0 -0.0 <END>
-0.0 495.0 446.7 402.1 332.92 309.08 310.87 329.0 -0.0 -0.0 -0.0 -0.0 <END>
-0.0 495.0 445.63 398.36 331.01 308.61 311.51 327.19 -0.0 -0.0 -0.0 -0.0 <END>
-0.0 470.06 450.09 401.87 333.44 309.83 311.23 325.22 -0.0 -0.0 -0.0 -0.0 <END>
-0.0 467.81 449.46 401.61 333.11 309.76 312.28 328.43 -0.0 -0.0 -0.0 -0.0 <END>
-0.0 470.66 450.56 400.8 333.1 310.1 312.58 331.82 -0.0 -0.0 -0.0 -0.0 <END>
-0.0 495.0 450.47 399.09 332.33 310.14 313.56 329.45 -0.0 -0.0 -0.0 -0.0 <END>
-0.0 474.68 451.19 402.19 333.53 310.6 313.58 326.24 -0.0 -0.0 -0.0 -0.0 <END>
-0.0 480.24 454.13 406.23 335.84 311.09 313.23 328.41 -0.0 -0.0 -0.0 -0.0 <END>
-0.0 473.87 452.44 402.89 333.14 310.74 313.26 329.4 -0.0 -0.0 -0.0 -0.0 <END>
-0.0 468.97 449.25 397.22 331.58 310.22 313.16 329.01 -0.0 -0.0 -0.0 -0.0 <END>
-0.0 495.0 454.15 403.07 334.49 311.47 314.28 332.24 -0.0 -0.0 -0.0 -0.0 <END>
-0.0 467.4 449.64 396.48 331.23 310.31 313.73 328.42 -0.0 -0.0 -0.0 -0.0 <END>
-0.0 474.35 455.41 402.93 333.65 311.95 313.8 330.73 -0.0 -0.0 -0.0 -0.0 <END>
-0.0 474.11 452.82 400.16 333.27 311.29 313.91 328.61 -0.0 -0.0 -0.0 -0.0 <END>
-0.0 470.19 452.58 398.61 332.43 311.45 313.57 332.23 -0.0 -0.0 -0.0 -0.0 <END>
-0.0 495.0 452.71 399.43 333.0 311.65 313.88 333.06 -0.0 -0.0 -0.0 -0.0 <END>
-0.0 469.76 452.56 397.95 332.46 311.85 315.58 331.21 -0.0 -0.0 -0.0 -0.0 <END>
-0.0 495.0 453.73 398.81 332.85 311.97 315.46 332.31 -0.0 -0.0 -0.0 -0.0 <END>
-0.0 465.84 452.84 395.75 331.57 311.85 316.13 334.3 -0.0 -0.0 -0.0 -0.0 <END>
-0.0 466.62 453.68 396.52 332.01 312.15 315.64 335.8 -0.0 -0.0 -0.0 -0.0 <END>
-0.0 465.35 452.12 394.96 331.3 311.81 315.48 337.1 -0.0 -0.0 -0.0 -0.0 <END>
-0.0 495.0 455.56 398.92 333.34 312.94 315.75 332.24 -0.0 -0.0 -0.0 -0.0 <END>
-0.0 476.61 458.26 400.82 334.75 313.53 316.63 332.86 -0.0 -0.0 -0.0 -0.0 <END>
-0.0 472.43 456.83 398.46 333.35 312.87 316.11 335.72 -0.0 -0.0 -0.0 -0.0 <END>
-0.0 473.57 458.09 398.21 333.31 313.56 316.32 336.15 -0.0 -0.0 -0.0 -0.0 <END>
-0.0 495.0 455.73 398.48 333.14 313.03 317.07 334.59 -0.0 -0.0 -0.0 -0.0 <END>
-0.0 495.0 457.61 397.69 333.31 313.8 318.2 337.54 -0.0 -0.0 -0.0 -0.0 <END>
-0.0 469.01 456.37 395.96 332.4 313.23 317.59 335.56 -0.0 -0.0 -0.0 -0.0 <END>
-0.0 479.71 460.94 401.4 335.23 314.44 318.18 338.83 -0.0 -0.0 -0.0 -0.0 <END>
-0.0 495.0 457.16 395.16 332.39 314.3 318.22 336.11 -0.0 -0.0 -0.0 -0.0 <END>
-0.0 495.0 455.73 392.81 331.69 313.99 317.7 334.11 -0.0 -0.0 -0.0 -0.0 <END>
-0.0 468.6 457.85 394.18 332.44 314.59 317.35 336.51 -0.0 -0.0 -0.0 -0.0 <END>
-0.0 495.0 454.89 391.26 329.91 314.11 318.12 332.71 -0.0 -0.0 -0.0 -0.0 <END>
-0.0 495.0 457.77 392.55 332.04 315.16 320.03 335.73 -0.0 -0.0 -0.0 -0.0 <END>
-0.0 477.63 462.6 398.88 334.79 315.72 319.6 342.43 -0.0 -0.0 -0.0 -0.0 <END>
-0.0 495.0 463.0 400.68 335.72 316.36 319.71 340.18 -0.0 -0.0 -0.0 -0.0 <END>
-0.0 472.05 460.19 397.28 333.9 315.61 319.45 337.86 -0.0 -0.0 -0.0 -0.0 <END>
-0.0 495.0 459.65 394.77 331.97 315.59 320.1 342.99 -0.0 -0.0 -0.0 -0.0 <END>
-0.0 495.0 461.32 396.72 334.15 316.06 320.97 337.75 -0.0 -0.0 -0.0 -0.0 <END>
-0.0 495.0 460.66 396.73 333.86 315.52 320.45 340.51 -0.0 -0.0 -0.0 -0.0 <END>
-0.0 495.0 464.42 398.27 335.26 317.14 321.31 339.37 -0.0 -0.0 -0.0 -0.0 <END>
-0.0 495.0 457.74 389.76 331.39 315.93 322.01 343.58 -0.0 -0.0 -0.0 -0.0 <END>
-0.0 495.0 459.66 390.9 331.93 316.49 324.29 347.84 -0.0 -0.0 -0.0 -0.0 <END>
-0.0 495.0 461.55 393.36 333.16 317.1 321.35 339.48 -0.0 -0.0 -0.0 -0.0 <END>
-0.0 495.0 464.41 395.72 334.7 317.76 320.07 340.99 -0.0 -0.0 -0.0 -0.0 <END>
-0.0 495.0 464.37 395.23 334.3 317.65 320.96 340.75 -0.0 -0.0 -0.0 -0.0 <END>
-0.0 495.0 465.69 396.52 334.88 318.25 322.83 342.1 -0.0 -0.0 -0.0 -0.0 <END>
-0.0 495.0 466.99 397.86 335.6 318.39 324.13 344.48 -0.0 -0.0 -0.0 -0.0 <END>
-0.0 495.0 466.82 397.6 335.67 318.47 323.63 340.79 -0.0 -0.0 -0.0 -0.0 <END>
-0.0 495.0 467.86 398.37 336.22 319.12 325.73 342.67 -0.0 -0.0 -0.0 -0.0 <END>
-0.0 495.0 463.74 393.39 333.67 317.77 325.07 334.07 -0.0 -0.0 -0.0 -0.0 <END>
-0.0 495.0 467.41 396.58 335.76 319.26 323.76 347.98 -0.0 -0.0 -0.0 -0.0 <END>
-0.0 495.0 465.66 392.99 334.66 319.86 328.48 342.56 -0.0 -0.0 -0.0 -0.0 <END>
-0.0 495.0 465.25 393.04 334.31 319.37 327.42 340.04 -0.0 -0.0 -0.0 -0.0 <END>
-0.0 495.0 465.1 393.87 334.4 318.73 325.67 340.17 -0.0 -0.0 -0.0 -0.0 <END>
-0.0 495.0 468.23 395.28 335.71 319.93 327.02 342.6 -0.0 -0.0 -0.0 -0.0 <END>
-0.0 495.0 467.13 394.28 335.24 319.98 327.47 346.53 -0.0 -0.0 -0.0 -0.0 <END>
-0.0 495.0 464.21 390.44 333.68 319.46 326.62 342.1 -0.0 -0.0 -0.0 -0.0 <END>
-0.0 495.0 464.2 389.15 333.44 319.49 326.88 339.8 -0.0 -0.0 -0.0 -0.0 <END>
-0.0 495.0 468.31 394.78 335.88 320.77 328.36 344.97 -0.0 -0.0 -0.0 -0.0 <END>
-0.0 495.0 467.06 390.17 334.66 321.29 329.55 341.64 -0.0 -0.0 -0.0 -0.0 <END>
-0.0 495.0 469.64 391.73 334.38 321.7 331.98 349.37 -0.0 -0.0 -0.0 -0.0 <END>
-0.0 495.0 471.05 394.41 336.54 322.02 328.99 345.13 -0.0 -0.0 -0.0 -0.0 <END>
-0.0 495.0 473.91 398.32 337.96 322.55 329.74 352.66 -0.0 -0.0 -0.0 -0.0 <END>
-0.0 495.0 466.51 388.75 334.03 321.61 331.71 344.52 -0.0 -0.0 -0.0 -0.0 <END>
-0.0 495.0 468.98 390.68 335.39 322.22 332.42 351.05 -0.0 -0.0 -0.0 -0.0 <END>
-0.0 495.0 469.65 390.96 335.73 322.62 332.98 343.66 -0.0 -0.0 -0.0 -0.0 <END>
-0.0 495.0 470.9 392.79 336.64 322.51 330.4 346.92 -0.0 -0.0 -0.0 -0.0 <END>
-0.0 495.0 469.27 388.45 334.74 322.33 332.27 349.0 -0.0 -0.0 -0.0 -0.0 <END>
-0.0 495.0 472.64 392.7 336.98 324.0 335.37 351.85 -0.0 -0.0 -0.0 -0.0 <END>
-0.0 495.0 470.19 389.63 336.25 323.97 334.38 355.24 -0.0 -0.0 -0.0 -0.0 <END>
-0.0 495.0 471.05 390.64 336.51 323.9 332.41 356.07 -0.0 -0.0 -0.0 -0.0 <END>
-0.0 495.0 471.14 391.11 336.52 323.78 334.99 353.38 -0.0 -0.0 -0.0 -0.0 <END>
-0.0 495.0 470.81 388.81 336.14 324.54 334.61 352.93 -0.0 -0.0 -0.0 -0.0 <END>
-0.0 495.0 472.07 390.58 336.74 324.88 335.87 352.22 -0.0 -0.0 -0.0 -0.0 <END>
-0.0 495.0 474.39 392.02 337.72 325.3 334.64 348.97 -0.0 -0.0 -0.0 -0.0 <END>
-0.0 495.0 474.27 391.03 337.88 326.16 336.43 357.5 -0.0 -0.0 -0.0 -0.0 <END>
-0.0 495.0 478.4 395.01 339.73 326.63 336.7 361.11 -0.0 -0.0 -0.0 -0.0 <END>
-0.0 495.0 470.13 386.73 335.96 325.47 337.01 354.65 -0.0 -0.0 -0.0 -0.0 <END>
-0.0 495.0 473.46 389.73 337.49 326.59 335.3 356.08 -0.0 -0.0 -0.0 -0.0 <END>
-0.0 495.0 475.68 391.29 338.53 326.71 336.61 353.15 -0.0 -0.0 -0.0 -0.0 <END>
-0.0 495.0 474.68 390.09 338.08 327.11 338.0 362.15 -0.0 -0.0 -0.0 -0.0 <END>
-0.0 495.0 471.77 387.55 336.23 326.42 338.29 358.72 -0.0 -0.0 -0.0 -0.0 <END>
-0.0 495.0 479.08 393.43 339.73 328.1 337.41 357.82 0.0 0.0 0.0 0.0 <END>
0.0 495.0 475.32 389.93 338.32 327.47 339.97 365.68 -0.0 -0.0 -0.0 -0.0 <END>
-0.0 495.0 473.98 388.27 337.78 327.61 340.79 364.69 -0.0 -0.0 -0.0 -0.0 <END>
-0.0 495.0 475.8 390.46 338.85 327.74 340.36 364.55 -0.0 -0.0 -0.0 -0.0 <END>
-0.0 495.0 476.09 389.79 338.72 328.56 336.07 360.6 -0.0 -0.0 -0.0 -0.0 <END>
-0.0 495.0 476.18 389.26 339.25 328.91 340.73 366.36 -0.0 -0.0 -0.0 -0.0 <END>
-0.0 495.0 480.64 394.25 340.97 329.27 341.11 359.39 -0.0 -0.0 -0.0 -0.0 <END>
-0.0 495.0 479.8 391.16 340.66 330.67 339.3 363.59 -0.0 -0.0 -0.0 -0.0 <END>
-0.0 495.0 480.6 389.55 339.93 331.3 342.82 369.28 -0.0 -0.0 -0.0 -0.0 <END>
-0.0 495.0 481.86 390.32 341.18 331.42 341.81 363.69 -0.0 -0.0 -0.0 -0.0 <END>
-0.0 495.0 475.78 387.67 339.15 330.59 341.6 366.37 -0.0 -0.0 -0.0 -0.0 <END>
-0.0 495.0 479.02 389.33 340.74 331.73 340.86 362.71 -0.0 -0.0 -0.0 -0.0 <END>
-0.0 495.0 483.03 393.37 341.78 332.58 342.89 368.89 -0.0 -0.0 -0.0 -0.0 <END>
-0.0 495.0 480.5 390.81 341.22 331.89 345.56 368.92 -0.0 -0.0 -0.0 -0.0 <END>
-0.0 495.0 479.6 391.0 340.61 330.92 341.78 360.02 -0.0 -0.0 -0.0 -0.0 <END>
-0.0 495.0 484.51 393.85 342.69 332.81 344.17 368.64 -0.0 -0.0 -0.0 -0.0 <END>
-0.0 495.0 485.53 394.32 343.37 333.31 345.94 372.58 -0.0 -0.0 -0.0 -0.0 <END>
-0.0 495.0 478.29 387.12 340.82 333.22 346.18 311.97 -0.0 -0.0 -0.0 -0.0 <END>
-0.0 495.0 480.95 390.04 341.62 333.15 345.38 372.92 -0.0 -0.0 -0.0 -0.0 <END>
-0.0 495.0 481.78 390.86 342.45 333.5 346.18 374.44 -0.0 -0.0 -0.0 -0.0 <END>
-0.0 495.0 480.91 389.13 342.33 334.67 346.03 370.56 -0.0 -0.0 -0.0 -0.0 <END>
-0.0 495.0 483.78 391.0 343.43 335.59 346.96 370.28 -0.0 -0.0 -0.0 -0.0 <END>
-0.0 495.0 484.27 390.88 343.97 336.21 347.72 315.03 -0.0 -0.0 -0.0 -0.0 <END>
-0.0 495.0 487.17 393.44 345.07 336.43 349.54 370.41 -0.0 -0.0 -0.0 -0.0 <END>
-0.0 495.0 483.78 390.29 343.31 335.59 347.51 374.35 -0.0 -0.0 -0.0 -0.0 <END>
-0.0 495.0 480.48 387.39 342.55 335.82 348.74 314.65 -0.0 -0.0 -0.0 -0.0 <END>
-0.0 495.0 489.06 393.99 345.0 337.33 351.02 375.46 -0.0 -0.0 -0.0 -0.0 <END>
-0.0 495.0 482.5 389.3 343.74 336.67 346.33 369.26 -0.0 -0.0 -0.0 -0.0 <END>
-0.0 495.0 484.34 390.9 344.2 336.42 348.46 369.96 -0.0 -0.0 -0.0 -0.0 <END>
-0.0 495.0 489.34 393.13 346.24 338.89 349.45 375.27 -0.0 -0.0 -0.0 -0.0 <END>
-0.0 495.0 483.43 389.23 343.85 336.77 348.97 312.41 -0.0 -0.0 -0.0 -0.0 <END>
-0.0 495.0 481.1 387.41 343.76 337.79 349.83 315.96 -0.0 -0.0 -0.0 -0.0 <END>
-0.0 495.0 480.32 386.43 343.5 338.31 349.18 194.8 -0.0 -0.0 -0.0 -0.0 <END>
-0.0 495.0 479.13 385.58 343.69 338.57 351.47 254.75 -0.0 -0.0 -0.0 -0.0 <END>
-0.0 495.0 483.4 388.32 344.35 339.74 352.35 195.52 -0.0 -0.0 -0.0 -0.0 <END>
-0.0 495.0 485.14 389.38 346.16 340.91 353.2 133.81 -0.0 -0.0 -0.0 -0.0 <END>
-0.0 495.0 489.02 391.66 347.68 341.63 356.53 195.7 -0.0 -0.0 -0.0 -0.0 <END>
-0.0 495.0 490.07 390.71 347.67 342.66 356.85 137.15 -0.0 -0.0 -0.0 -0.0 <END>
-0.0 495.0 492.28 393.89 349.21 343.2 357.71 140.68 -0.0 -0.0 -0.0 -0.0 <END>
-0.0 495.0 491.77 393.47 348.28 343.25 353.55 195.56 -0.0 -0.0 -0.0 -0.0 <END>
-0.0 495.0 487.97 390.71 347.32 341.71 354.92 200.82 -0.0 -0.0 -0.0 -0.0 <END>
-0.0 495.0 488.02 390.67 348.1 343.33 356.12 141.57 -0.0 -0.0 -0.0 -0.0 <END>
-0.0 495.0 488.32 391.15 347.89 342.77 354.65 376.25 -0.0 -0.0 -0.0 -0.0 <END>
-0.0 495.0 495.0 396.14 350.98 345.03 356.07 263.46 -0.0 -0.0 -0.0 -0.0 <END>
-0.0 495.0 485.2 389.17 347.3 342.71 356.62 136.63 -0.0 -0.0 -0.0 -0.0 <END>
-0.0 495.0 494.22 394.81 350.53 345.15 359.06 143.09 -0.0 -0.0 -0.0 -0.0 <END>
-0.0 495.0 490.26 391.78 349.4 346.01 356.46 377.42 -0.0 -0.0 -0.0 -0.0 <END>
-0.0 495.0 490.47 391.54 349.73 345.94 354.14 201.17 -0.0 -0.0 -0.0 -0.0 <END>
-0.0 495.0 488.88 388.65 348.48 345.96 355.4 22.7 -0.0 -0.0 -0.0 -0.0 <END>
-0.0 495.0 487.19 389.2 349.28 346.41 360.47 82.65 -0.0 -0.0 -0.0 -0.0 <END>
-0.0 495.0 491.36 392.23 351.19 347.37 360.15 144.6 -0.0 -0.0 -0.0 -0.0 <END>
-0.0 495.0 495.0 395.52 352.8 348.5 360.93 90.02 -0.0 -0.0 -0.0 -0.0 <END>
-0.0 495.0 495.0 395.63 353.06 347.89 361.4 147.74 -0.0 -0.0 -0.0 -0.0 <END>
-0.0 495.0 495.0 394.11 351.71 347.65 359.41 381.17 -0.0 -0.0 -0.0 -0.0 <END>
-0.0 495.0 489.53 390.83 350.56 347.27 362.02 27.28 -0.0 -0.0 -0.0 -0.0 <END>
-0.0 495.0 495.0 395.06 352.8 349.62 360.96 25.03 -0.0 -0.0 -0.0 -0.0 <END>
-0.0 495.0 492.7 392.97 351.69 348.19 360.12 86.55 -0.0 -0.0 -0.0 -0.0 <END>
-0.0 495.0 493.08 393.0 353.2 350.15 363.82 25.89 -0.0 -0.0 -0.0 -0.0 <END>
-0.0 495.0 491.33 391.49 351.93 349.21 365.44 -0.0 -0.0 -0.0 -0.0 -0.0 <END>
-0.0 495.0 495.0 395.29 354.39 351.42 365.14 150.13 -0.0 -0.0 -0.0 -0.0 <END>
-0.0 495.0 495.0 395.3 353.7 350.38 363.37 146.62 -0.0 -0.0 -0.0 -0.0 <END>
-0.0 495.0 492.98 392.87 353.16 350.43 364.01 87.78 -0.0 -0.0 -0.0 -0.0 <END>
-0.0 495.0 493.44 392.97 353.7 350.93 364.67 27.57 -0.0 -0.0 -0.0 -0.0 <END>
-0.0 495.0 490.05 390.45 352.97 352.04 367.29 -0.0 -0.0 -0.0 -0.0 -0.0 <END>
-0.0 495.0 491.56 391.38 353.78 351.46 366.74 27.76 -0.0 -0.0 -0.0 -0.0 <END>
-0.0 495.0 495.0 394.67 355.37 353.53 365.74 206.72 -0.0 -0.0 -0.0 -0.0 <END>
-0.0 495.0 495.0 399.15 357.77 354.94 369.22 -0.0 -0.0 -0.0 -0.0 -0.0 <END>
-0.0 495.0 495.0 397.61 357.26 356.34 373.74 -0.0 -0.0 -0.0 -0.0 -0.0 <END>
-0.0 495.0 495.0 396.0 357.16 354.94 370.02 -0.0 -0.0 -0.0 -0.0 -0.0 <END>
-0.0 495.0 495.0 395.93 357.58 356.29 376.31 -0.0 -0.0 -0.0 -0.0 -0.0 <END>
-0.0 495.0 493.16 392.67 355.4 354.4 370.83 -0.0 -0.0 -0.0 -0.0 -0.0 <END>
-0.0 495.0 495.0 398.41 358.93 356.74 368.33 -0.0 -0.0 -0.0 -0.0 -0.0 <END>
-0.0 495.0 493.03 392.81 355.6 355.31 370.34 -0.0 -0.0 -0.0 -0.0 -0.0 <END>
-0.0 495.0 495.0 395.92 358.75 358.87 376.08 -0.0 -0.0 -0.0 -0.0 -0.0 <END>
-0.0 495.0 491.58 391.77 355.83 355.94 367.74 -0.0 -0.0 -0.0 -0.0 -0.0 <END>
-0.0 495.0 495.0 394.77 358.02 357.63 371.25 -0.0 -0.0 -0.0 -0.0 -0.0 <END>
-0.0 495.0 495.0 398.68 360.69 359.81 374.05 -0.0 -0.0 -0.0 -0.0 -0.0 <END>
-0.0 495.0 495.0 394.95 358.78 358.74 374.47 -0.0 -0.0 -0.0 -0.0 -0.0 <END>
