0.00014 1.9446 2.05325 1.64814 0.96168 0.47983 0.37142 0.0175 0.00382 0.00532 <END>
0.00252 1.84758 2.03579 1.72141 1.00956 0.59902 0.38392 0.12247 0.0301 0.00411 <END>
0.00464 1.83915 2.04925 1.69306 0.99432 0.38385 0.39664 0.00494 0.00689 0.00068 <END>
0.00072 1.89123 2.04237 1.7193 0.98505 0.59126 0.39926 0.04345 0.01792 0.00448 <END>
0.00305 1.7083 2.04214 1.82049 1.06462 0.64845 0.43317 0.05807 0.01518 0.00747 0.00165 <END>
0.00208 1.81044 2.04488 1.74657 1.01725 0.61949 0.39639 0.05697 0.01145 0.00098 <END>
0.00161 1.814 2.04476 1.75047 1.01211 0.62216 0.39893 0.06143 0.01993 0.01056 <END>
0.0049 1.90249 2.05452 1.72272 0.99687 0.59518 0.38624 0.02496 0.01678 0.00743 <END>
0.0033 1.94392 2.04699 1.72271 1.01705 0.60135 0.39372 0.0767 0.0094 0.01258 <END>
0.00288 1.9641 2.04124 1.74352 0.99659 0.61953 0.3992 0.08782 0.00779 0.0284 <END>
0.01518 1.70117 2.04082 1.80948 1.04423 0.64461 0.30327 0.1439 0.02368 0.01013 <END>
0.00637 1.82201 2.034 1.75353 1.02559 0.60943 0.40016 0.07186 0.02061 0.00912 <END>
0.00429 1.76101 2.04141 1.79257 1.05066 0.64352 0.39255 0.09307 0.00323 0.0104 <END>
0.00146 1.89426 2.0515 1.74198 1.02415 0.6096 0.40545 0.04563 0.02224 0.0041 <END>
0.00327 1.72376 2.03603 1.81947 1.06209 0.6455 0.33941 0.14513 0.01549 0.0092 <END>
0.00447 1.76052 2.03742 1.7909 1.05038 0.64356 0.38876 0.09745 0.044 0.03565 <END>
0.01338 1.87989 2.05155 1.76726 1.04 0.62223 0.35491 0.07831 0.00657 0.00388 <END>
0.00178 1.89736 2.05734 1.7568 1.04689 0.62435 0.35712 0.08597 0.00701 0.00527 <END>
0.00274 1.89307 2.04294 1.78296 1.05688 0.63268 0.36666 0.10032 0.01393 0.00254 <END>
0.00263 1.91617 2.05411 1.77889 1.04767 0.63019 0.35151 0.09564 0.01577 0.02229 <END>
0.00049 2.04279 2.02998 1.73774 1.02519 0.63893 0.36715 0.1448 0.03768 0.00917 <END>
0.00227 1.80759 2.0387 1.80427 1.07038 0.65244 0.3319 0.15656 0.01117 0.01746 <END>
0.00844 1.82616 2.04695 1.81792 1.0576 0.65516 0.31965 0.12603 0.02814 0.01056 <END>
0.00057 1.7692 2.035 1.85367 1.08941 0.64006 0.30445 0.10067 0.02671 0.02274 <END>
0.01559 1.79947 2.04043 1.80948 1.03984 0.63835 0.3094 0.08896 0.01079 0.01458 <END>
0.00562 1.8191 2.0547 1.86249 1.08986 0.65554 0.22122 0.04139 0.01537 0.01327 <END>
0.0026 1.84748 2.05022 1.85165 1.07356 0.64547 0.26128 0.1564 0.02748 0.01089 <END>
0.00281 1.86525 2.04205 1.82084 1.05243 0.64103 0.31264 0.09111 0.01934 0.0021 <END>
0.00377 1.76973 2.04162 1.88202 1.10543 0.672 0.28331 0.1896 0.01428 0.01277 <END>
0.00069 1.76158 2.04893 1.89569 1.11283 0.67411 0.28118 0.09076 0.00829 0.01221 <END>
0.00383 1.85539 2.04295 1.85349 1.09424 0.67261 0.3259 0.17064 0.0337 0.01305 <END>
0.00585 1.72268 2.05593 1.90418 1.09779 0.67456 0.23322 0.08569 0.0159 0.00243 <END>
0.00273 1.90424 2.04909 1.84888 1.0796 0.65367 0.28702 0.10222 0.03593 0.01324 <END>
0.00581 1.92092 2.04255 1.86489 1.09554 0.66209 0.28176 0.21954 0.05412 0.03482 <END>
0.00986 1.78568 2.03233 1.88903 1.10256 0.66366 0.21892 0.00927 0.0047 0.00235 <END>
0.00136 1.8109 2.04898 1.92234 1.12846 0.69192 0.20219 0.02519 0.01242 0.02646 <END>
0.01481 1.86983 2.03463 1.87286 1.10694 0.6811 0.20848 0.04404 0.00547 0.00487 <END>
0.00205 1.82583 2.04722 1.88078 1.08736 0.67206 0.26268 0.14764 0.08312 0.0139 <END>
0.02464 1.87655 2.05103 1.89387 1.09842 0.67313 0.29175 0.08967 0.03557 0.00327 <END>
0.01229 1.90991 2.05381 1.90665 1.10731 0.67643 0.28579 0.05082 0.02033 0.01669 <END>
0.00833 1.8364 2.04956 1.91567 1.10859 0.68341 0.25434 0.08966 0.02628 0.00504 <END>
0.00096 1.84555 2.03938 1.91192 1.12869 0.69514 0.22427 0.11865 0.01593 0.00325 <END>
0.00316 1.85893 2.04214 1.92373 1.13874 0.69475 0.23394 0.0926 0.0243 0.00531 <END>
0.00159 1.84911 2.0367 1.94067 1.14042 0.70534 0.23482 0.11172 0.0378 0.00893 <END>
0.00087 1.83157 2.04246 1.9266 1.12078 0.68433 0.23856 0.09961 0.03119 0.02836 <END>
0.01431 1.82617 2.04714 1.95219 1.14251 0.7028 0.20846 0.10923 0.00493 0.00908 <END>
0.00291 1.92546 2.0557 1.93783 1.13222 0.70103 0.22939 0.04892 0.00995 0.01501 <END>
0.00153 1.87686 2.04158 1.94466 1.14556 0.69449 0.20558 0.27706 0.06764 0.02837 <END>
0.0009 1.81225 2.04945 1.96503 1.15489 0.69541 0.24733 0.25973 0.02566 0.01337 <END>
0.00553 1.74686 2.04284 1.99845 1.176 0.7078 0.22655 0.27319 0.00985 0.00235 <END>
0.00339 1.8066 2.0558 1.99758 1.17503 0.72481 0.22713 0.24705 0.03566 0.00995 <END>
0.00841 1.75276 2.02168 2.0112 1.1744 0.72904 0.23074 0.31787 0.0657 0.03715 <END>
0.01541 1.77755 2.03721 1.99802 1.16819 0.70879 0.47136 0.32334 0.01206 0.00628 <END>
0.00233 1.92154 2.03511 1.95669 1.14384 0.70322 0.22702 0.1492 0.05032 0.00925 <END>
0.01002 1.87297 2.02814 1.98292 1.16022 0.71024 0.47117 0.2779 0.01438 0.00934 <END>
0.00544 1.87902 2.03889 1.98717 1.1608 0.70672 0.34463 0.27877 0.0374 0.0234 <END>
0.01025 1.92936 2.05553 1.97537 1.16676 0.70553 0.2192 0.27675 0.04982 0.01806 <END>
0.00046 1.89556 2.05201 1.98782 1.16808 0.70802 0.20169 0.11144 0.01372 0.00606 <END>
0.00374 1.74107 2.05717 2.03781 1.20844 0.72446 0.47848 0.34355 0.05077 0.00857 <END>
0.00465 1.88689 2.05109 2.00422 1.17965 0.72604 0.35278 0.27232 0.02618 0.0043 <END>
0.00236 1.77684 2.05854 2.05496 1.22065 0.73628 0.47992 0.32096 0.02388 0.00656 <END>
0.00102 1.87761 2.03346 2.02155 1.20973 0.72925 0.4742 0.35527 0.02012 0.02968 <END>
0.01395 1.81664 2.03448 2.04311 1.19941 0.72306 0.47042 0.31814 0.00597 0.02883 <END>
0.00748 1.77067 2.05247 2.04808 1.21458 0.73802 0.47414 0.33643 0.00639 0.013 <END>
0.00198 1.82299 2.04532 2.04115 1.20042 0.73598 0.48666 0.32275 0.02372 0.0098 <END>
0.00581 1.89351 2.02592 2.00418 1.20678 0.743 0.46809 0.33585 0.0442 0.01684 <END>
0.00561 1.75257 2.0434 2.0403 1.22761 0.73712 0.46675 0.31986 0.03083 0.01812 <END>
0.00922 1.82769 2.03015 2.03695 1.22387 0.73994 0.48335 0.31948 0.03291 0.00236 <END>
0.01173 1.9156 2.03763 2.03156 1.20551 0.74015 0.48593 0.30968 0.00724 0.00388 <END>
0.00051 1.84871 2.04474 2.03438 1.23742 0.75748 0.49975 0.24943 0.07238 0.02757 <END>
0.02044 1.89483 2.0523 2.03816 1.21598 0.73996 0.49095 0.19681 0.01085 0.00225 <END>
0.00326 1.83475 2.04899 2.04095 1.2422 0.74301 0.47651 0.32598 0.00669 0.01967 <END>
0.00294 1.72197 2.03841 2.03214 1.26466 0.77317 0.50438 0.25414 0.01041 0.00375 <END>
0.00116 2.00361 2.04105 2.02731 1.19228 0.74322 0.46839 0.29566 0.02912 0.0148 <END>
0.00316 1.83172 2.04387 2.02838 1.23616 0.75762 0.48551 0.28952 0.02201 0.00136 <END>
0.00371 1.83568 2.0476 2.04191 1.25919 0.7613 0.4909 0.29213 0.02354 0.02649 <END>
0.01864 1.81522 2.0481 2.03797 1.26967 0.76175 0.49071 0.20675 0.03059 0.01951 <END>
0.00845 1.80852 2.04877 2.02735 1.26669 0.76604 0.50719 0.21166 0.02399 0.04365 <END>
0.00693 1.79165 2.04186 2.03912 1.25212 0.76695 0.49787 0.27473 0.03997 0.02298 <END>
0.01323 1.86532 2.05245 2.04785 1.24461 0.77007 0.49529 0.24759 0.04495 0.01112 <END>
0.01592 1.88962 2.03686 2.03223 1.25183 0.751 0.49831 0.23943 0.00501 0.00409 <END>
0.00248 1.8389 2.03995 2.03033 1.28964 0.78942 0.4973 0.17306 0.02128 0.01534 <END>
0.00441 1.83385 2.04543 2.03493 1.26971 0.77269 0.51001 0.25059 0.02383 0.00744 <END>
0.00088 1.90821 2.05145 2.04123 1.29211 0.79128 0.51628 0.20284 0.04968 0.00869 <END>
0.00776 1.84665 2.04069 2.0472 1.28401 0.78379 0.50994 0.19604 0.05484 0.01684 <END>
0.00307 1.88379 2.04086 2.03811 1.26982 0.7827 0.51247 0.15353 0.05595 0.01254 <END>
0.00893 1.86119 2.03118 2.05147 1.28558 0.77852 0.51115 0.20421 0.03432 0.00955 <END>
0.01198 1.88877 2.0349 2.04076 1.28475 0.77421 0.507 0.16089 0.04075 0.01 <END>
0.00129 1.9223 2.0316 2.04912 1.28265 0.78657 0.51692 0.20404 0.04412 0.02006 <END>
0.01494 1.89569 2.03711 2.02899 1.28615 0.79484 0.51501 0.22653 0.02685 0.0045 <END>
0.00261 1.85958 2.01866 2.04476 1.28457 0.78848 0.52703 0.17709 0.03692 0.01205 <END>
0.00462 1.85569 2.04536 2.04693 1.29268 0.79575 0.51118 0.16936 0.06581 0.02018 <END>
0.00875 1.80481 2.03823 2.03916 1.32069 0.8054 0.47913 0.16038 0.01717 0.00488 <END>
0.00177 1.74338 2.02659 2.03213 1.35972 0.8336 0.45893 0.13715 0.01347 0.00667 <END>
0.00363 1.90056 2.05232 2.04023 1.31625 0.80183 0.51753 0.15817 0.01246 0.01149 <END>
0.00775 1.82084 2.0458 2.04048 1.33029 0.80424 0.50988 0.16836 0.0092 0.00242 <END>
0.00047 1.84799 2.04692 2.01507 1.33985 0.81496 0.45707 0.1465 0.01981 0.00319 <END>
0.00933 1.83494 2.06162 2.03663 1.34354 0.81712 0.4659 0.14307 0.03858 0.0294 <END>
0.01724 1.72972 2.03162 2.03145 1.35444 0.80494 0.49223 0.13896 0.05455 0.02297 <END>
0.00691 1.74832 2.02561 2.02361 1.36657 0.84407 0.47314 0.13434 0.02281 0.03279 <END>
0.00165 1.88308 2.04361 2.04308 1.33707 0.80993 0.48491 0.1509 0.00932 0.00824 <END>
0.0012 1.72795 2.03341 2.04861 1.37099 0.83805 0.39831 0.12678 0.0985 0.03525 <END>
0.02172 1.85548 2.03233 2.0457 1.35261 0.83636 0.49091 0.1541 0.03106 0.01788 <END>
0.00763 1.90713 2.04977 2.0479 1.33067 0.82215 0.50013 0.13562 0.04478 0.01209 <END>
0.00527 1.87915 2.04196 2.03885 1.34661 0.82846 0.4532 0.12804 0.05037 0.01262 <END>
0.00618 1.80993 2.03588 2.04076 1.36701 0.84035 0.38964 0.17723 0.04809 0.00474 <END>
0.00455 1.90476 2.03544 2.04207 1.35785 0.84318 0.39403 0.11289 0.05374 0.01553 <END>
0.00684 1.81253 2.03402 2.05105 1.33615 0.81906 0.48658 0.13049 0.00356 0.00499 <END>
0.00788 1.83454 2.03972 2.02888 1.383 0.85215 0.41858 0.15837 0.02539 0.00811 <END>
0.00077 1.90052 2.0342 2.03213 1.35735 0.83019 0.37396 0.24101 0.03622 0.01134 <END>
0.00122 1.88952 2.03038 2.02836 1.35951 0.83787 0.38036 0.24636 0.03327 0.00299 <END>
0.01223 1.90319 2.04374 2.04964 1.37201 0.82906 0.41293 0.12725 0.01228 0.02463 <END>
0.01489 1.85047 2.03374 2.05088 1.38371 0.86098 0.3538 0.26874 0.04824 0.00623 <END>
0.00364 1.84274 2.03765 2.05527 1.39353 0.85666 0.35721 0.26879 0.02162 0.01252 <END>
0.0052 1.96743 2.05105 2.04575 1.36042 0.84207 0.38605 0.17301 0.01181 0.01452 <END>
0.00288 1.85277 2.0463 2.03048 1.38707 0.86128 0.36066 0.36609 0.03835 0.00317 <END>
0.01108 1.85257 2.03791 2.04403 1.41271 0.86973 0.34939 0.38216 0.02345 0.02024 <END>
0.00734 1.84168 2.05592 2.05454 1.38192 0.86157 0.31172 0.3687 0.05085 0.00939 <END>
0.00799 1.84993 2.04583 2.04143 1.41136 0.87347 0.38236 0.27087 0.02023 0.00646 <END>
0.00374 1.80042 2.04558 2.04853 1.44473 0.88257 0.33513 0.3901 0.03137 0.00447 <END>
0.00079 1.90445 2.04753 2.02552 1.42012 0.86928 0.35728 0.40175 0.01638 0.00282 <END>
0.00475 1.88939 2.03739 2.04466 1.42415 0.87783 0.36819 0.39825 0.03201 0.00983 <END>
0.00059 1.74254 2.04819 2.04526 1.45018 0.89784 0.31171 0.36066 0.01071 0.01284 <END>
0.00412 1.88215 2.03312 2.02027 1.41521 0.88158 0.35447 0.29048 0.06005 0.00899 <END>
0.00247 1.92541 2.04306 2.04119 1.41348 0.86688 0.33402 0.39526 0.01969 0.03666 <END>
0.02406 1.90207 2.04132 2.05218 1.42104 0.87628 0.33761 0.35791 0.03275 0.01049 <END>
0.00544 1.89066 2.03509 2.04253 1.43822 0.89178 0.35812 0.39485 0.02079 0.02947 <END>
0.01616 1.80122 2.05759 2.05254 1.45941 0.9057 0.32358 0.37994 0.07366 0.02219 <END>
0.0019 1.8912 2.04674 2.04098 1.44338 0.88798 0.35214 0.38947 0.03339 0.01109 <END>
0.00077 1.80884 2.03971 2.04523 1.48332 0.91332 0.3445 0.39804 0.03099 0.01566 <END>
0.00628 1.93183 2.05177 2.05105 1.4074 0.86911 0.34981 0.36179 0.02774 0.00995 <END>
0.00142 1.86766 2.05112 2.03629 1.4532 0.90381 0.33081 0.3991 0.04399 0.00664 <END>
0.00389 1.87916 2.0344 2.0481 1.44638 0.90102 0.34153 0.39724 0.0596 0.01879 <END>
0.02031 1.77172 2.04804 2.03518 1.49562 0.90615 0.45402 0.39105 0.029 0.01453 <END>
0.00418 1.80138 2.04746 2.02743 1.50198 0.90774 0.32575 0.38738 0.0486 0.01573 <END>
0.00435 1.89726 2.04595 2.04967 1.44221 0.90119 0.33994 0.39477 0.06009 0.02816 <END>
0.00995 1.81252 2.03666 2.05308 1.47053 0.93116 0.45205 0.40411 0.03384 0.01473 <END>
0.01213 1.93035 2.0444 2.0457 1.46619 0.90901 0.34616 0.39509 0.03358 0.00547 <END>
0.0007 1.75102 2.05042 2.04595 1.52992 0.95188 0.59076 0.39283 0.06068 0.01324 <END>
0.02022 1.94713 2.0484 2.03455 1.46364 0.90664 0.34269 0.39178 0.05437 0.02031 <END>
0.00202 1.85154 2.04618 2.0346 1.50865 0.93975 0.58988 0.40148 0.02058 0.00287 <END>
0.00059 1.91866 2.0395 2.03473 1.51436 0.94238 0.35782 0.40708 0.06809 0.02763 <END>
0.00337 1.78036 2.03857 2.0498 1.53552 0.94484 0.57707 0.41737 0.02386 0.0195 <END>
0.01238 1.79956 2.04395 2.05189 1.53568 0.93052 0.59331 0.41658 0.05159 0.01708 <END>
0.00723 1.82445 2.04992 2.05738 1.48068 0.93209 0.587 0.42524 0.03191 0.0293 <END>
0.00405 1.8346 2.04026 2.04088 1.52803 0.94362 0.58409 0.42208 0.04586 0.00719 <END>
0.00898 1.9026 2.0429 2.05077 1.53236 0.92637 0.5861 0.38301 0.02419 0.00424 <END>
0.00195 1.94009 2.03704 2.04495 1.51087 0.93463 0.45835 0.41522 0.03951 0.03034 <END>
0.01982 1.8233 2.04588 2.0429 1.54599 0.95566 0.59508 0.40065 0.04228 0.02066 <END>
0.01006 1.90759 2.04496 2.04804 1.51466 0.95101 0.59615 0.42405 0.04967 0.00596 <END>
0.00119 1.72795 2.02505 2.05291 1.58418 0.97831 0.61114 0.42169 0.11688 0.01879 <END>
0.01001 1.77051 2.03219 2.04734 1.56266 0.96945 0.59473 0.41266 0.04271 0.00868 <END>
0.00255 1.77708 2.03972 2.03817 1.58118 0.98322 0.6096 0.37834 0.07116 0.01084 <END>
0.00505 1.81352 2.0402 2.06134 1.56801 0.97594 0.60802 0.38712 0.07634 0.01791 <END>
0.00648 1.93136 2.04454 2.04005 1.53919 0.95952 0.60215 0.41414 0.08308 0.01328 <END>
0.00693 1.9278 2.05181 2.04265 1.54882 0.96974 0.60256 0.42385 0.05632 0.01035 <END>
0.00806 1.89388 2.03992 2.04931 1.54593 0.96937 0.60725 0.36984 0.09529 0.00965 <END>
0.00737 1.82559 2.05494 2.03517 1.59462 0.98376 0.61957 0.35636 0.07758 0.0085 <END>
0.00559 1.94179 2.05076 2.04783 1.55509 0.95036 0.59536 0.4146 0.01442 0.00739 <END>
0.00408 1.9339 2.05268 2.04226 1.57238 0.96695 0.59666 0.3958 0.06317 0.0232 <END>
0.01371 1.81138 2.0403 2.04952 1.59201 0.99988 0.61887 0.37538 0.05659 0.00353 <END>
0.00059 1.91537 2.03939 2.04532 1.58562 0.98556 0.62033 0.30207 0.09636 0.03079 <END>
0.02214 1.9281 2.04418 2.04498 1.56936 0.98156 0.61644 0.37289 0.0425 0.02515 <END>
0.01232 1.90735 2.04315 2.04893 1.59091 0.99819 0.62242 0.395 0.08476 0.02472 <END>
0.01156 1.78243 2.03916 2.04763 1.57743 0.98607 0.62401 0.29174 0.10557 0.03839 <END>
0.00543 1.84001 2.04482 2.05025 1.57989 0.98085 0.61755 0.32898 0.09981 0.01494 <END>
0.00508 1.84335 2.0447 2.04121 1.61771 1.00664 0.63781 0.30788 0.09972 0.02571 <END>
0.00886 1.75429 2.03354 2.04108 1.64903 1.016 0.62628 0.28886 0.06222 0.00771 <END>
0.00504 1.86238 2.03616 2.04595 1.63242 1.01165 0.63323 0.27379 0.06331 0.00609 <END>
0.00638 1.8929 2.04609 2.06497 1.58589 0.9936 0.62926 0.2824 0.10716 0.00809 <END>
0.00261 1.91968 2.04333 2.03798 1.61141 1.00598 0.62637 0.29993 0.07396 0.00956 <END>
0.00188 1.83301 2.04543 2.04937 1.63661 1.01343 0.62658 0.28787 0.03287 0.00203 <END>
0.00255 1.93763 2.0448 2.03422 1.64896 1.02464 0.63741 0.2352 0.08555 0.03478 <END>
0.01619 1.85532 2.04671 2.03912 1.64414 1.02455 0.63375 0.29501 0.0694 0.01494 <END>
0.00586 1.85792 2.02965 2.04041 1.64104 1.01946 0.63924 0.25907 0.06225 0.02494 <END>
0.00163 1.94454 2.05601 2.03606 1.64575 1.03639 0.64323 0.21443 0.11465 0.01393 <END>
0.00781 1.96388 2.03424 2.03448 1.62681 1.0106 0.62658 0.30224 0.08181 0.02208 <END>
0.00161 1.82245 2.04179 2.04088 1.66565 1.02216 0.64186 0.26894 0.03308 0.00667 <END>
0.00305 1.88605 2.04208 2.04916 1.66796 1.01809 0.63831 0.31374 0.10788 0.01077 <END>
0.02067 1.76517 2.04133 2.04467 1.72064 1.06112 0.67142 0.24281 0.12434 0.01379 <END>
0.00946 1.78291 2.05333 2.0417 1.69713 1.05668 0.65661 0.18857 0.08111 0.0232 <END>
0.01284 1.91945 2.05055 2.0424 1.66645 1.02251 0.63365 0.23727 0.05092 0.00465 <END>
0.00483 1.95493 2.04978 2.04407 1.6809 1.03481 0.64246 0.26343 0.12148 0.00871 <END>
0.01218 1.73532 2.0307 2.0465 1.73326 1.08393 0.68023 0.33329 0.13048 0.00913 <END>
0.00434 1.89156 2.054 2.03281 1.66952 1.03415 0.65305 0.22392 0.0572 0.01965 <END>
0.01269 1.88728 2.03729 2.04921 1.70409 1.07143 0.66569 0.20968 0.0404 0.01157 <END>
0.015 1.89517 2.05288 2.04233 1.6968 1.05692 0.66478 0.22484 0.09574 0.02039 <END>
0.00655 1.88783 2.04028 2.0513 1.69501 1.06051 0.65546 0.2104 0.07973 0.00465 <END>
0.00658 1.8001 2.06047 2.05826 1.70673 1.06477 0.67218 0.22262 0.11375 0.00651 <END>
0.00896 1.72574 2.0357 2.04437 1.7617 1.09965 0.6902 0.33981 0.28424 0.02225 <END>
0.00666 1.84436 2.0363 2.04854 1.72729 1.07993 0.67551 0.32693 0.11578 0.01111 <END>
0.00438 1.92056 2.03773 2.05488 1.72737 1.07981 0.66881 0.19972 0.0488 0.01418 <END>
0.00695 1.88216 2.03941 2.04318 1.72177 1.06167 0.66152 0.19725 0.09473 0.01255 <END>
0.00116 1.8697 2.0364 2.05685 1.70847 1.04971 0.6513 0.20829 0.0844 0.0095 <END>
0.00549 1.85899 2.04885 2.05202 1.74123 1.07892 0.68257 0.22628 0.06252 0.00951 <END>
0.00576 1.80891 2.04809 2.0348 1.77296 1.10032 0.69196 0.33693 0.28581 0.01438 <END>
0.00208 1.86071 2.04771 2.0472 1.75026 1.09418 0.69601 0.23049 0.06051 0.01646 <END>
0.00391 1.73743 2.02702 2.04247 1.7919 1.11747 0.70332 0.34096 0.33669 0.03212 <END>
0.01486 1.83334 2.04833 2.04673 1.77114 1.10931 0.69886 0.46333 0.34798 0.01583 <END>
0.0011 1.79448 2.04506 2.04429 1.77841 1.10827 0.70323 0.23442 0.10493 0.02044 <END>
0.00836 1.89758 2.02545 2.03196 1.77557 1.11097 0.69146 0.34666 0.1037 0.01457 <END>
0.00267 1.83272 2.03859 2.04099 1.78174 1.1155 0.68718 0.3501 0.28048 0.01951 <END>
0.00403 1.9498 2.04773 2.04169 1.7586 1.10201 0.6981 0.23087 0.11481 0.02198 <END>
0.00293 1.8881 2.0268 2.04461 1.78337 1.10269 0.70569 0.3586 0.27526 0.03228 <END>
0.00428 1.8475 2.02051 2.04815 1.78785 1.11167 0.7018 0.46158 0.35102 0.01891 <END>
0.00828 1.85856 2.04784 2.04614 1.79898 1.12785 0.70464 0.4685 0.28797 0.00724 <END>
0.00536 1.79162 2.01758 2.04928 1.8386 1.15311 0.71863 0.48472 0.31809 0.02144 <END>
0.01421 1.85954 2.04607 2.03862 1.81366 1.12806 0.70948 0.46815 0.29324 0.00239 <END>
0.00155 1.92701 2.04783 2.04681 1.79806 1.1219 0.69357 0.47084 0.27952 0.01247 <END>
0.00597 1.79336 2.04733 2.04594 1.84978 1.15457 0.7194 0.46639 0.27157 0.03974 <END>
0.00762 1.88379 2.03883 2.04622 1.82487 1.14729 0.71808 0.46733 0.29024 0.00465 <END>
0.00711 1.89709 2.04605 2.04146 1.83112 1.14787 0.70757 0.46247 0.29764 0.00222 <END>
0.00312 1.92215 2.0391 2.05189 1.82521 1.14499 0.71901 0.48888 0.33075 0.0066 <END>
0.00435 1.8323 2.03696 2.05206 1.8344 1.15069 0.71335 0.47812 0.3263 0.02771 <END>
0.0073 1.95481 2.04487 2.04477 1.81121 1.13694 0.71723 0.46732 0.34024 0.00651 <END>
0.01534 1.83661 2.03332 2.04458 1.85188 1.15688 0.72834 0.48801 0.2853 0.0226 <END>
0.00863 1.91158 2.04052 2.0489 1.83525 1.15269 0.71538 0.47104 0.34608 0.01387 <END>
0.00217 1.87206 2.03392 2.04416 1.85315 1.17072 0.71497 0.4835 0.33781 0.03054 <END>
0.01507 1.91404 2.0478 2.0588 1.85434 1.15506 0.74087 0.48006 0.2717 0.01041 <END>
0.00723 1.89076 2.04561 2.04731 1.86711 1.17305 0.7214 0.4797 0.34008 0.00799 <END>
0.02001 1.84862 2.04265 2.04831 1.87427 1.17481 0.75098 0.49316 0.24554 0.01534 <END>
0.00733 1.91513 2.04868 2.04323 1.85671 1.14314 0.72772 0.49168 0.30841 0.01377 <END>
0.00326 1.8694 2.04977 2.04524 1.89865 1.19744 0.75044 0.49855 0.20004 0.00848 <END>
0.00459 1.86374 2.03275 2.04702 1.89701 1.17591 0.73902 0.49433 0.27927 0.00926 <END>
0.00212 1.88671 2.03059 2.04459 1.89762 1.19782 0.75883 0.50045 0.21296 0.02426 <END>
0.01352 1.95715 2.04566 2.05502 1.88847 1.18284 0.74153 0.50383 0.24261 0.01424 <END>
0.00689 1.94992 2.0409 2.04041 1.88336 1.18283 0.74516 0.50561 0.29247 0.02192 <END>
0.00467 1.92192 2.03642 2.03994 1.91118 1.2013 0.75655 0.50013 0.20826 0.01058 <END>
0.00234 1.80941 2.03121 2.04359 1.95092 1.23209 0.76751 0.52998 0.18815 0.03377 <END>
0.01566 1.89597 2.04986 2.0518 1.90678 1.20207 0.75297 0.50146 0.2334 0.02764 <END>
0.01738 1.80724 2.0419 2.03241 1.94572 1.23058 0.77631 0.47904 0.14351 0.0247 <END>
0.01253 1.93554 2.01767 2.04282 1.90767 1.19859 0.77001 0.49988 0.22543 0.02903 <END>
0.00649 1.87334 2.03639 2.03662 1.931 1.21535 0.75929 0.51576 0.17734 0.02735 <END>
0.00756 1.86888 2.04032 2.0456 1.93925 1.21428 0.76803 0.50229 0.16621 0.00759 <END>
0.00616 1.9348 2.05228 2.05267 1.92907 1.20813 0.76899 0.51313 0.19479 0.01004 <END>
0.00574 1.93995 2.05143 2.04771 1.94507 1.21683 0.75523 0.50981 0.16685 0.01442 <END>
0.01474 1.91465 2.04069 2.04927 1.94532 1.2207 0.76244 0.51576 0.16098 0.01083 <END>
0.00407 2.08816 2.03259 2.03423 1.90134 1.19382 0.76044 0.51752 0.17472 0.00967 <END>
0.00141 1.92185 2.04515 2.04458 1.93356 1.21196 0.77136 0.50595 0.19137 0.01588 <END>
0.00177 1.85717 2.03629 2.03459 1.96994 1.25017 0.77972 0.52319 0.16254 0.0167 <END>
0.01684 1.92575 2.04246 2.04487 1.95937 1.21116 0.77 0.52054 0.20855 0.02448 <END>
0.00507 1.82742 2.05148 2.05577 1.98444 1.25007 0.79267 0.51529 0.18276 0.01599 <END>
0.02273 1.82767 2.05358 2.04102 1.97474 1.26347 0.79399 0.49207 0.14085 0.0055 <END>
0.00845 1.80062 2.04539 2.04142 1.9862 1.26361 0.7912 0.46095 0.13542 0.02817 <END>
0.01194 1.7714 2.03722 2.05386 1.99324 1.27078 0.80029 0.45683 0.12546 0.00951 <END>
0.00664 1.88789 2.03022 2.04374 1.97138 1.23136 0.78242 0.51334 0.18398 0.01734 <END>
0.00746 1.94036 2.03859 2.03837 1.96463 1.25109 0.78665 0.49406 0.15022 0.04125 <END>
0.02375 1.87383 2.05333 2.05373 1.97028 1.27663 0.80238 0.46738 0.12202 0.01121 <END>
0.00698 1.80081 2.04713 2.04186 1.96698 1.29204 0.81074 0.37072 0.25594 0.03794 <END>
0.02151 1.87501 2.04462 2.04423 1.98296 1.2878 0.81332 0.40783 0.15165 0.00364 <END>
