0.0 1.94 2.05 1.65 0.96 0.48 0.37 0.02 0.0 0.01 <END>
0.0 1.85 2.04 1.72 1.01 0.6 0.38 0.12 0.03 0.0 <END>
0.0 1.84 2.05 1.69 0.99 0.38 0.4 0.0 0.01 0.0 <END>
0.0 1.89 2.04 1.72 0.99 0.59 0.4 0.04 0.02 0.0 <END>
0.0 1.71 2.04 1.82 1.06 0.65 0.43 0.06 0.02 0.01 0.0 <END>
0.0 1.81 2.04 1.75 1.02 0.62 0.4 0.06 0.01 0.0 <END>
0.0 1.81 2.04 1.75 1.01 0.62 0.4 0.06 0.02 0.01 <END>
0.0 1.9 2.05 1.72 1.0 0.6 0.39 0.02 0.02 0.01 <END>
0.0 1.94 2.05 1.72 1.02 0.6 0.39 0.08 0.01 0.01 <END>
0.0 1.96 2.04 1.74 1.0 0.62 0.4 0.09 0.01 0.03 <END>
0.02 1.7 2.04 1.81 1.04 0.64 0.3 0.14 0.02 0.01 <END>
0.01 1.82 2.03 1.75 1.03 0.61 0.4 0.07 0.02 0.01 <END>
0.0 1.76 2.04 1.79 1.05 0.64 0.39 0.09 0.0 0.01 <END>
0.0 1.89 2.05 1.74 1.02 0.61 0.41 0.05 0.02 0.0 <END>
0.0 1.72 2.04 1.82 1.06 0.65 0.34 0.15 0.02 0.01 <END>
0.0 1.76 2.04 1.79 1.05 0.64 0.39 0.1 0.04 0.04 <END>
0.01 1.88 2.05 1.77 1.04 0.62 0.35 0.08 0.01 0.0 <END>
0.0 1.9 2.06 1.76 1.05 0.62 0.36 0.09 0.01 0.01 <END>
0.0 1.89 2.04 1.78 1.06 0.63 0.37 0.1 0.01 0.0 <END>
0.0 1.92 2.05 1.78 1.05 0.63 0.35 0.1 0.02 0.02 <END>
0.0 2.04 2.03 1.74 1.03 0.64 0.37 0.14 0.04 0.01 <END>
0.0 1.81 2.04 1.8 1.07 0.65 0.33 0.16 0.01 0.02 <END>
0.01 1.83 2.05 1.82 1.06 0.66 0.32 0.13 0.03 0.01 <END>
0.0 1.77 2.04 1.85 1.09 0.64 0.3 0.1 0.03 0.02 <END>
0.02 1.8 2.04 1.81 1.04 0.64 0.31 0.09 0.01 0.01 <END>
0.01 1.82 2.05 1.86 1.09 0.66 0.22 0.04 0.02 0.01 <END>
0.0 1.85 2.05 1.85 1.07 0.65 0.26 0.16 0.03 0.01 <END>
0.0 1.87 2.04 1.82 1.05 0.64 0.31 0.09 0.02 0.0 <END>
0.0 1.77 2.04 1.88 1.11 0.67 0.28 0.19 0.01 0.01 <END>
0.0 1.76 2.05 1.9 1.11 0.67 0.28 0.09 0.01 0.01 <END>
0.0 1.86 2.04 1.85 1.09 0.67 0.33 0.17 0.03 0.01 <END>
0.01 1.72 2.06 1.9 1.1 0.67 0.23 0.09 0.02 0.0 <END>
0.0 1.9 2.05 1.85 1.08 0.65 0.29 0.1 0.04 0.01 <END>
0.01 1.92 2.04 1.86 1.1 0.66 0.28 0.22 0.05 0.03 <END>
0.01 1.79 2.03 1.89 1.1 0.66 0.22 0.01 0.0 0.0 <END>
0.0 1.81 2.05 1.92 1.13 0.69 0.2 0.03 0.01 0.03 <END>
0.01 1.87 2.03 1.87 1.11 0.68 0.21 0.04 0.01 0.0 <END>
0.0 1.83 2.05 1.88 1.09 0.67 0.26 0.15 0.08 0.01 <END>
0.02 1.88 2.05 1.89 1.1 0.67 0.29 0.09 0.04 0.0 <END>
0.01 1.91 2.05 1.91 1.11 0.68 0.29 0.05 0.02 0.02 <END>
0.01 1.84 2.05 1.92 1.11 0.68 0.25 0.09 0.03 0.01 <END>
0.0 1.85 2.04 1.91 1.13 0.7 0.22 0.12 0.02 0.0 <END>
0.0 1.86 2.04 1.92 1.14 0.69 0.23 0.09 0.02 0.01 <END>
0.0 1.85 2.04 1.94 1.14 0.71 0.23 0.11 0.04 0.01 <END>
0.0 1.83 2.04 1.93 1.12 0.68 0.24 0.1 0.03 0.03 <END>
0.01 1.83 2.05 1.95 1.14 0.7 0.21 0.11 0.0 0.01 <END>
0.0 1.93 2.06 1.94 1.13 0.7 0.23 0.05 0.01 0.02 <END>
0.0 1.88 2.04 1.94 1.15 0.69 0.21 0.28 0.07 0.03 <END>
0.0 1.81 2.05 1.97 1.15 0.7 0.25 0.26 0.03 0.01 <END>
0.01 1.75 2.04 2.0 1.18 0.71 0.23 0.27 0.01 0.0 <END>
0.0 1.81 2.06 2.0 1.18 0.72 0.23 0.25 0.04 0.01 <END>
0.01 1.75 2.02 2.01 1.17 0.73 0.23 0.32 0.07 0.04 <END>
0.02 1.78 2.04 2.0 1.17 0.71 0.47 0.32 0.01 0.01 <END>
0.0 1.92 2.04 1.96 1.14 0.7 0.23 0.15 0.05 0.01 <END>
0.01 1.87 2.03 1.98 1.16 0.71 0.47 0.28 0.01 0.01 <END>
0.01 1.88 2.04 1.99 1.16 0.71 0.34 0.28 0.04 0.02 <END>
0.01 1.93 2.06 1.98 1.17 0.71 0.22 0.28 0.05 0.02 <END>
0.0 1.9 2.05 1.99 1.17 0.71 0.2 0.11 0.01 0.01 <END>
0.0 1.74 2.06 2.04 1.21 0.72 0.48 0.34 0.05 0.01 <END>
0.0 1.89 2.05 2.0 1.18 0.73 0.35 0.27 0.03 0.0 <END>
0.0 1.78 2.06 2.05 1.22 0.74 0.48 0.32 0.02 0.01 <END>
0.0 1.88 2.03 2.02 1.21 0.73 0.47 0.36 0.02 0.03 <END>
0.01 1.82 2.03 2.04 1.2 0.72 0.47 0.32 0.01 0.03 <END>
0.01 1.77 2.05 2.05 1.21 0.74 0.47 0.34 0.01 0.01 <END>
0.0 1.82 2.05 2.04 1.2 0.74 0.49 0.32 0.02 0.01 <END>
0.01 1.89 2.03 2.0 1.21 0.74 0.47 0.34 0.04 0.02 <END>
0.01 1.75 2.04 2.04 1.23 0.74 0.47 0.32 0.03 0.02 <END>
0.01 1.83 2.03 2.04 1.22 0.74 0.48 0.32 0.03 0.0 <END>
0.01 1.92 2.04 2.03 1.21 0.74 0.49 0.31 0.01 0.0 <END>
0.0 1.85 2.04 2.03 1.24 0.76 0.5 0.25 0.07 0.03 <END>
0.02 1.89 2.05 2.04 1.22 0.74 0.49 0.2 0.01 0.0 <END>
0.0 1.83 2.05 2.04 1.24 0.74 0.48 0.33 0.01 0.02 <END>
0.0 1.72 2.04 2.03 1.26 0.77 0.5 0.25 0.01 0.0 <END>
0.0 2.0 2.04 2.03 1.19 0.74 0.47 0.3 0.03 0.01 <END>
0.0 1.83 2.04 2.03 1.24 0.76 0.49 0.29 0.02 0.0 <END>
0.0 1.84 2.05 2.04 1.26 0.76 0.49 0.29 0.02 0.03 <END>
0.02 1.82 2.05 2.04 1.27 0.76 0.49 0.21 0.03 0.02 <END>
0.01 1.81 2.05 2.03 1.27 0.77 0.51 0.21 0.02 0.04 <END>
0.01 1.79 2.04 2.04 1.25 0.77 0.5 0.27 0.04 0.02 <END>
0.01 1.87 2.05 2.05 1.24 0.77 0.5 0.25 0.04 0.01 <END>
0.02 1.89 2.04 2.03 1.25 0.75 0.5 0.24 0.01 0.0 <END>
0.0 1.84 2.04 2.03 1.29 0.79 0.5 0.17 0.02 0.02 <END>
0.0 1.83 2.05 2.03 1.27 0.77 0.51 0.25 0.02 0.01 <END>
0.0 1.91 2.05 2.04 1.29 0.79 0.52 0.2 0.05 0.01 <END>
0.01 1.85 2.04 2.05 1.28 0.78 0.51 0.2 0.05 0.02 <END>
0.0 1.88 2.04 2.04 1.27 0.78 0.51 0.15 0.06 0.01 <END>
0.01 1.86 2.03 2.05 1.29 0.78 0.51 0.2 0.03 0.01 <END>
0.01 1.89 2.03 2.04 1.28 0.77 0.51 0.16 0.04 0.01 <END>
0.0 1.92 2.03 2.05 1.28 0.79 0.52 0.2 0.04 0.02 <END>
0.01 1.9 2.04 2.03 1.29 0.79 0.52 0.23 0.03 0.0 <END>
0.0 1.86 2.02 2.04 1.28 0.79 0.53 0.18 0.04 0.01 <END>
0.0 1.86 2.05 2.05 1.29 0.8 0.51 0.17 0.07 0.02 <END>
0.01 1.8 2.04 2.04 1.32 0.81 0.48 0.16 0.02 0.0 <END>
0.0 1.74 2.03 2.03 1.36 0.83 0.46 0.14 0.01 0.01 <END>
0.0 1.9 2.05 2.04 1.32 0.8 0.52 0.16 0.01 0.01 <END>
0.01 1.82 2.05 2.04 1.33 0.8 0.51 0.17 0.01 0.0 <END>
0.0 1.85 2.05 2.02 1.34 0.81 0.46 0.15 0.02 0.0 <END>
0.01 1.83 2.06 2.04 1.34 0.82 0.47 0.14 0.04 0.03 <END>
0.02 1.73 2.03 2.03 1.35 0.8 0.49 0.14 0.05 0.02 <END>
0.01 1.75 2.03 2.02 1.37 0.84 0.47 0.13 0.02 0.03 <END>
0.0 1.88 2.04 2.04 1.34 0.81 0.48 0.15 0.01 0.01 <END>
0.0 1.73 2.03 2.05 1.37 0.84 0.4 0.13 0.1 0.04 <END>
0.02 1.86 2.03 2.05 1.35 0.84 0.49 0.15 0.03 0.02 <END>
0.01 1.91 2.05 2.05 1.33 0.82 0.5 0.14 0.04 0.01 <END>
0.01 1.88 2.04 2.04 1.35 0.83 0.45 0.13 0.05 0.01 <END>
0.01 1.81 2.04 2.04 1.37 0.84 0.39 0.18 0.05 0.0 <END>
0.0 1.9 2.04 2.04 1.36 0.84 0.39 0.11 0.05 0.02 <END>
0.01 1.81 2.03 2.05 1.34 0.82 0.49 0.13 0.0 0.0 <END>
0.01 1.83 2.04 2.03 1.38 0.85 0.42 0.16 0.03 0.01 <END>
0.0 1.9 2.03 2.03 1.36 0.83 0.37 0.24 0.04 0.01 <END>
0.0 1.89 2.03 2.03 1.36 0.84 0.38 0.25 0.03 0.0 <END>
0.01 1.9 2.04 2.05 1.37 0.83 0.41 0.13 0.01 0.02 <END>
0.01 1.85 2.03 2.05 1.38 0.86 0.35 0.27 0.05 0.01 <END>
0.0 1.84 2.04 2.06 1.39 0.86 0.36 0.27 0.02 0.01 <END>
0.01 1.97 2.05 2.05 1.36 0.84 0.39 0.17 0.01 0.01 <END>
0.0 1.85 2.05 2.03 1.39 0.86 0.36 0.37 0.04 0.0 <END>
0.01 1.85 2.04 2.04 1.41 0.87 0.35 0.38 0.02 0.02 <END>
0.01 1.84 2.06 2.05 1.38 0.86 0.31 0.37 0.05 0.01 <END>
0.01 1.85 2.05 2.04 1.41 0.87 0.38 0.27 0.02 0.01 <END>
0.0 1.8 2.05 2.05 1.44 0.88 0.34 0.39 0.03 0.0 <END>
0.0 1.9 2.05 2.03 1.42 0.87 0.36 0.4 0.02 0.0 <END>
0.0 1.89 2.04 2.04 1.42 0.88 0.37 0.4 0.03 0.01 <END>
0.0 1.74 2.05 2.05 1.45 0.9 0.31 0.36 0.01 0.01 <END>
0.0 1.88 2.03 2.02 1.42 0.88 0.35 0.29 0.06 0.01 <END>
0.0 1.93 2.04 2.04 1.41 0.87 0.33 0.4 0.02 0.04 <END>
0.02 1.9 2.04 2.05 1.42 0.88 0.34 0.36 0.03 0.01 <END>
0.01 1.89 2.04 2.04 1.44 0.89 0.36 0.39 0.02 0.03 <END>
0.02 1.8 2.06 2.05 1.46 0.91 0.32 0.38 0.07 0.02 <END>
0.0 1.89 2.05 2.04 1.44 0.89 0.35 0.39 0.03 0.01 <END>
0.0 1.81 2.04 2.05 1.48 0.91 0.34 0.4 0.03 0.02 <END>
0.01 1.93 2.05 2.05 1.41 0.87 0.35 0.36 0.03 0.01 <END>
0.0 1.87 2.05 2.04 1.45 0.9 0.33 0.4 0.04 0.01 <END>
0.0 1.88 2.03 2.05 1.45 0.9 0.34 0.4 0.06 0.02 <END>
0.02 1.77 2.05 2.04 1.5 0.91 0.45 0.39 0.03 0.01 <END>
0.0 1.8 2.05 2.03 1.5 0.91 0.33 0.39 0.05 0.02 <END>
0.0 1.9 2.05 2.05 1.44 0.9 0.34 0.39 0.06 0.03 <END>
0.01 1.81 2.04 2.05 1.47 0.93 0.45 0.4 0.03 0.01 <END>
0.01 1.93 2.04 2.05 1.47 0.91 0.35 0.4 0.03 0.01 <END>
0.0 1.75 2.05 2.05 1.53 0.95 0.59 0.39 0.06 0.01 <END>
0.02 1.95 2.05 2.03 1.46 0.91 0.34 0.39 0.05 0.02 <END>
0.0 1.85 2.05 2.03 1.51 0.94 0.59 0.4 0.02 0.0 <END>
0.0 1.92 2.04 2.03 1.51 0.94 0.36 0.41 0.07 0.03 <END>
0.0 1.78 2.04 2.05 1.54 0.94 0.58 0.42 0.02 0.02 <END>
0.01 1.8 2.04 2.05 1.54 0.93 0.59 0.42 0.05 0.02 <END>
0.01 1.82 2.05 2.06 1.48 0.93 0.59 0.43 0.03 0.03 <END>
0.0 1.83 2.04 2.04 1.53 0.94 0.58 0.42 0.05 0.01 <END>
0.01 1.9 2.04 2.05 1.53 0.93 0.59 0.38 0.02 0.0 <END>
0.0 1.94 2.04 2.04 1.51 0.93 0.46 0.42 0.04 0.03 <END>
0.02 1.82 2.05 2.04 1.55 0.96 0.6 0.4 0.04 0.02 <END>
0.01 1.91 2.04 2.05 1.51 0.95 0.6 0.42 0.05 0.01 <END>
0.0 1.73 2.03 2.05 1.58 0.98 0.61 0.42 0.12 0.02 <END>
0.01 1.77 2.03 2.05 1.56 0.97 0.59 0.41 0.04 0.01 <END>
0.0 1.78 2.04 2.04 1.58 0.98 0.61 0.38 0.07 0.01 <END>
0.01 1.81 2.04 2.06 1.57 0.98 0.61 0.39 0.08 0.02 <END>
0.01 1.93 2.04 2.04 1.54 0.96 0.6 0.41 0.08 0.01 <END>
0.01 1.93 2.05 2.04 1.55 0.97 0.6 0.42 0.06 0.01 <END>
0.01 1.89 2.04 2.05 1.55 0.97 0.61 0.37 0.1 0.01 <END>
0.01 1.83 2.05 2.04 1.59 0.98 0.62 0.36 0.08 0.01 <END>
0.01 1.94 2.05 2.05 1.56 0.95 0.6 0.41 0.01 0.01 <END>
0.0 1.93 2.05 2.04 1.57 0.97 0.6 0.4 0.06 0.02 <END>
0.01 1.81 2.04 2.05 1.59 1.0 0.62 0.38 0.06 0.0 <END>
0.0 1.92 2.04 2.05 1.59 0.99 0.62 0.3 0.1 0.03 <END>
0.02 1.93 2.04 2.04 1.57 0.98 0.62 0.37 0.04 0.03 <END>
0.01 1.91 2.04 2.05 1.59 1.0 0.62 0.4 0.08 0.02 <END>
0.01 1.78 2.04 2.05 1.58 0.99 0.62 0.29 0.11 0.04 <END>
0.01 1.84 2.04 2.05 1.58 0.98 0.62 0.33 0.1 0.01 <END>
0.01 1.84 2.04 2.04 1.62 1.01 0.64 0.31 0.1 0.03 <END>
0.01 1.75 2.03 2.04 1.65 1.02 0.63 0.29 0.06 0.01 <END>
0.01 1.86 2.04 2.05 1.63 1.01 0.63 0.27 0.06 0.01 <END>
0.01 1.89 2.05 2.06 1.59 0.99 0.63 0.28 0.11 0.01 <END>
0.0 1.92 2.04 2.04 1.61 1.01 0.63 0.3 0.07 0.01 <END>
0.0 1.83 2.05 2.05 1.64 1.01 0.63 0.29 0.03 0.0 <END>
0.0 1.94 2.04 2.03 1.65 1.02 0.64 0.24 0.09 0.03 <END>
0.02 1.86 2.05 2.04 1.64 1.02 0.63 0.3 0.07 0.01 <END>
0.01 1.86 2.03 2.04 1.64 1.02 0.64 0.26 0.06 0.02 <END>
0.0 1.94 2.06 2.04 1.65 1.04 0.64 0.21 0.11 0.01 <END>
0.01 1.96 2.03 2.03 1.63 1.01 0.63 0.3 0.08 0.02 <END>
0.0 1.82 2.04 2.04 1.67 1.02 0.64 0.27 0.03 0.01 <END>
0.0 1.89 2.04 2.05 1.67 1.02 0.64 0.31 0.11 0.01 <END>
0.02 1.77 2.04 2.04 1.72 1.06 0.67 0.24 0.12 0.01 <END>
0.01 1.78 2.05 2.04 1.7 1.06 0.66 0.19 0.08 0.02 <END>
0.01 1.92 2.05 2.04 1.67 1.02 0.63 0.24 0.05 0.0 <END>
0.0 1.95 2.05 2.04 1.68 1.03 0.64 0.26 0.12 0.01 <END>
0.01 1.74 2.03 2.05 1.73 1.08 0.68 0.33 0.13 0.01 <END>
0.0 1.89 2.05 2.03 1.67 1.03 0.65 0.22 0.06 0.02 <END>
0.01 1.89 2.04 2.05 1.7 1.07 0.67 0.21 0.04 0.01 <END>
0.02 1.9 2.05 2.04 1.7 1.06 0.66 0.22 0.1 0.02 <END>
0.01 1.89 2.04 2.05 1.7 1.06 0.66 0.21 0.08 0.0 <END>
0.01 1.8 2.06 2.06 1.71 1.06 0.67 0.22 0.11 0.01 <END>
0.01 1.73 2.04 2.04 1.76 1.1 0.69 0.34 0.28 0.02 <END>
0.01 1.84 2.04 2.05 1.73 1.08 0.68 0.33 0.12 0.01 <END>
0.0 1.92 2.04 2.05 1.73 1.08 0.67 0.2 0.05 0.01 <END>
0.01 1.88 2.04 2.04 1.72 1.06 0.66 0.2 0.09 0.01 <END>
0.0 1.87 2.04 2.06 1.71 1.05 0.65 0.21 0.08 0.01 <END>
0.01 1.86 2.05 2.05 1.74 1.08 0.68 0.23 0.06 0.01 <END>
0.01 1.81 2.05 2.03 1.77 1.1 0.69 0.34 0.29 0.01 <END>
0.0 1.86 2.05 2.05 1.75 1.09 0.7 0.23 0.06 0.02 <END>
0.0 1.74 2.03 2.04 1.79 1.12 0.7 0.34 0.34 0.03 <END>
0.01 1.83 2.05 2.05 1.77 1.11 0.7 0.46 0.35 0.02 <END>
0.0 1.79 2.05 2.04 1.78 1.11 0.7 0.23 0.1 0.02 <END>
0.01 1.9 2.03 2.03 1.78 1.11 0.69 0.35 0.1 0.01 <END>
0.0 1.83 2.04 2.04 1.78 1.12 0.69 0.35 0.28 0.02 <END>
0.0 1.95 2.05 2.04 1.76 1.1 0.7 0.23 0.11 0.02 <END>
0.0 1.89 2.03 2.04 1.78 1.1 0.71 0.36 0.28 0.03 <END>
0.0 1.85 2.02 2.05 1.79 1.11 0.7 0.46 0.35 0.02 <END>
0.01 1.86 2.05 2.05 1.8 1.13 0.7 0.47 0.29 0.01 <END>
0.01 1.79 2.02 2.05 1.84 1.15 0.72 0.48 0.32 0.02 <END>
0.01 1.86 2.05 2.04 1.81 1.13 0.71 0.47 0.29 0.0 <END>
0.0 1.93 2.05 2.05 1.8 1.12 0.69 0.47 0.28 0.01 <END>
0.01 1.79 2.05 2.05 1.85 1.15 0.72 0.47 0.27 0.04 <END>
0.01 1.88 2.04 2.05 1.82 1.15 0.72 0.47 0.29 0.0 <END>
0.01 1.9 2.05 2.04 1.83 1.15 0.71 0.46 0.3 0.0 <END>
0.0 1.92 2.04 2.05 1.83 1.14 0.72 0.49 0.33 0.01 <END>
0.0 1.83 2.04 2.05 1.83 1.15 0.71 0.48 0.33 0.03 <END>
0.01 1.95 2.04 2.04 1.81 1.14 0.72 0.47 0.34 0.01 <END>
0.02 1.84 2.03 2.04 1.85 1.16 0.73 0.49 0.29 0.02 <END>
0.01 1.91 2.04 2.05 1.84 1.15 0.72 0.47 0.35 0.01 <END>
0.0 1.87 2.03 2.04 1.85 1.17 0.71 0.48 0.34 0.03 <END>
0.02 1.91 2.05 2.06 1.85 1.16 0.74 0.48 0.27 0.01 <END>
0.01 1.89 2.05 2.05 1.87 1.17 0.72 0.48 0.34 0.01 <END>
0.02 1.85 2.04 2.05 1.87 1.17 0.75 0.49 0.25 0.02 <END>
0.01 1.92 2.05 2.04 1.86 1.14 0.73 0.49 0.31 0.01 <END>
0.0 1.87 2.05 2.05 1.9 1.2 0.75 0.5 0.2 0.01 <END>
0.0 1.86 2.03 2.05 1.9 1.18 0.74 0.49 0.28 0.01 <END>
0.0 1.89 2.03 2.04 1.9 1.2 0.76 0.5 0.21 0.02 <END>
0.01 1.96 2.05 2.06 1.89 1.18 0.74 0.5 0.24 0.01 <END>
0.01 1.95 2.04 2.04 1.88 1.18 0.75 0.51 0.29 0.02 <END>
0.0 1.92 2.04 2.04 1.91 1.2 0.76 0.5 0.21 0.01 <END>
0.0 1.81 2.03 2.04 1.95 1.23 0.77 0.53 0.19 0.03 <END>
0.02 1.9 2.05 2.05 1.91 1.2 0.75 0.5 0.23 0.03 <END>
0.02 1.81 2.04 2.03 1.95 1.23 0.78 0.48 0.14 0.02 <END>
0.01 1.94 2.02 2.04 1.91 1.2 0.77 0.5 0.23 0.03 <END>
0.01 1.87 2.04 2.04 1.93 1.22 0.76 0.52 0.18 0.03 <END>
0.01 1.87 2.04 2.05 1.94 1.21 0.77 0.5 0.17 0.01 <END>
0.01 1.93 2.05 2.05 1.93 1.21 0.77 0.51 0.19 0.01 <END>
0.01 1.94 2.05 2.05 1.95 1.22 0.76 0.51 0.17 0.01 <END>
0.01 1.91 2.04 2.05 1.95 1.22 0.76 0.52 0.16 0.01 <END>
0.0 2.09 2.03 2.03 1.9 1.19 0.76 0.52 0.17 0.01 <END>
0.0 1.92 2.05 2.04 1.93 1.21 0.77 0.51 0.19 0.02 <END>
0.0 1.86 2.04 2.03 1.97 1.25 0.78 0.52 0.16 0.02 <END>
0.02 1.93 2.04 2.04 1.96 1.21 0.77 0.52 0.21 0.02 <END>
0.01 1.83 2.05 2.06 1.98 1.25 0.79 0.52 0.18 0.02 <END>
0.02 1.83 2.05 2.04 1.97 1.26 0.79 0.49 0.14 0.01 <END>
0.01 1.8 2.05 2.04 1.99 1.26 0.79 0.46 0.14 0.03 <END>
0.01 1.77 2.04 2.05 1.99 1.27 0.8 0.46 0.13 0.01 <END>
0.01 1.89 2.03 2.04 1.97 1.23 0.78 0.51 0.18 0.02 <END>
0.01 1.94 2.04 2.04 1.96 1.25 0.79 0.49 0.15 0.04 <END>
0.02 1.87 2.05 2.05 1.97 1.28 0.8 0.47 0.12 0.01 <END>
0.01 1.8 2.05 2.04 1.97 1.29 0.81 0.37 0.26 0.04 <END>
0.02 1.88 2.04 2.04 1.98 1.29 0.81 0.41 0.15 0.0 <END>
