0.0 3.04 5.76 0.17 0.06 0.01 0.01 0.0 0.0 0.0 <END>
0.0 2.96 5.89 0.64 0.06 0.0 0.01 0.0 0.0 0.0 <END>
0.0 3.2 5.49 0.09 0.05 0.0 0.01 0.0 0.0 0.0 <END>
0.0 3.03 5.9 0.33 0.05 0.0 0.01 0.01 0.0 0.0 <END>
0.0 3.12 5.91 0.32 0.05 0.01 0.0 0.0 0.0 0.0 <END>
0.0 3.07 5.89 0.44 0.01 0.01 0.01 0.0 0.0 0.0 <END>
0.0 2.98 5.93 0.35 0.06 0.03 0.0 0.01 0.0 0.0 <END>
0.0 3.06 5.89 0.15 0.01 0.04 0.01 0.01 0.0 0.0 <END>
0.0 3.03 5.92 0.31 0.07 0.03 0.0 0.0 0.0 0.0 <END>
0.0 2.98 5.97 0.4 0.1 0.07 0.0 0.04 0.01 0.01 <END>
0.0 3.09 5.94 0.52 0.02 0.02 0.01 0.0 0.0 0.0 <END>
0.0 3.05 5.93 0.59 0.03 0.03 0.01 0.01 0.0 0.0 <END>
0.0 3.03 5.99 0.12 0.01 0.05 0.03 0.0 0.01 0.01 <END>
0.0 3.11 6.0 0.49 0.01 0.03 0.01 0.0 0.0 0.0 <END>
0.0 3.06 5.91 0.45 0.02 0.02 0.01 0.0 0.0 0.0 <END>
0.0 3.11 5.98 0.45 0.03 0.02 0.0 0.0 0.0 0.0 <END>
0.0 3.06 6.0 0.29 0.05 0.02 0.0 0.0 0.0 0.0 <END>
0.0 3.07 6.01 0.24 0.07 0.01 0.01 0.01 0.0 0.0 <END>
0.0 3.09 6.03 0.56 0.01 0.03 0.01 0.0 0.0 0.0 <END>
0.0 3.01 6.03 0.51 0.01 0.0 0.0 0.0 0.0 0.0 <END>
0.0 3.01 6.07 0.27 0.08 0.02 0.01 0.01 0.0 0.0 <END>
0.0 3.06 6.03 0.36 0.07 0.03 0.01 0.0 0.0 0.0 <END>
0.0 3.06 6.1 0.22 0.06 0.02 0.02 0.0 0.0 0.0 <END>
0.0 3.2 6.0 0.37 0.06 0.02 0.02 0.0 0.01 0.0 <END>
0.0 3.02 6.07 0.37 0.08 0.02 0.03 0.01 0.01 0.01 <END>
0.0 3.03 6.08 0.25 0.04 0.04 0.01 0.01 0.01 0.0 <END>
0.0 3.11 6.08 0.5 0.01 0.02 0.01 0.0 0.0 0.0 <END>
0.0 3.0 6.02 0.39 0.06 0.02 0.01 0.0 0.0 0.0 <END>
0.0 2.91 6.16 0.47 0.04 0.03 0.0 0.0 0.0 0.0 <END>
0.0 3.09 6.05 0.29 0.08 0.0 0.02 0.0 0.01 0.0 <END>
0.0 3.0 6.15 0.5 0.03 0.03 0.01 0.0 0.0 0.0 <END>
0.0 2.94 6.18 0.17 0.01 0.04 0.02 0.01 0.01 0.0 <END>
0.0 3.29 6.05 0.24 0.05 0.03 0.02 0.0 0.01 0.0 <END>
0.0 2.92 6.14 0.61 0.04 0.03 0.03 0.01 0.01 0.0 <END>
0.0 3.14 6.16 0.35 0.05 0.02 0.01 0.0 0.0 0.0 <END>
0.0 2.95 6.11 0.19 0.09 0.03 0.01 0.01 0.0 0.0 <END>
0.0 3.02 6.15 0.4 0.06 0.02 0.01 0.0 0.0 0.0 <END>
0.0 3.13 6.13 0.16 0.06 0.05 0.01 0.01 0.01 0.0 <END>
0.0 3.04 6.14 0.18 0.05 0.01 0.0 0.0 0.0 0.0 <END>
0.0 3.19 6.05 0.19 0.01 0.01 0.0 0.0 0.0 0.0 <END>
0.0 2.84 6.15 0.29 0.09 0.01 0.02 0.0 0.0 0.0 <END>
0.0 3.07 6.16 0.41 0.02 0.02 0.01 0.0 0.0 0.0 <END>
0.0 3.05 6.17 0.43 0.08 0.03 0.03 0.0 0.01 0.01 <END>
0.0 2.96 6.13 0.14 0.05 0.02 0.02 0.0 0.0 0.0 <END>
0.0 2.96 6.22 0.58 0.02 0.0 0.0 0.0 0.0 0.0 <END>
0.0 2.99 6.1 0.6 0.01 0.04 0.01 0.0 0.0 0.0 <END>
0.0 2.92 6.21 0.62 0.05 0.01 0.0 0.0 0.0 0.0 <END>
0.0 3.06 6.21 0.2 0.08 0.0 0.01 0.0 0.0 0.0 <END>
0.0 2.94 6.22 0.3 0.07 0.01 0.01 0.0 0.0 0.0 <END>
0.0 3.06 6.2 0.35 0.05 0.02 0.0 0.0 0.0 0.0 <END>
0.0 3.14 6.2 0.14 0.01 0.0 0.0 0.0 0.0 0.0 <END>
0.0 2.86 6.13 0.49 0.03 0.03 0.0 0.01 0.0 0.0 <END>
0.0 2.96 6.08 0.31 0.09 0.02 0.02 0.01 0.0 0.0 <END>
0.0 3.01 6.11 0.74 0.06 0.02 0.02 0.0 0.0 0.0 <END>
0.0 3.05 6.31 0.41 0.06 0.04 0.0 0.01 0.01 0.0 <END>
0.0 2.99 6.28 0.51 0.01 0.02 0.01 0.0 0.0 0.0 <END>
0.0 3.12 6.26 0.12 0.02 0.01 0.0 0.0 0.0 0.0 <END>
0.0 2.95 6.1 0.17 0.06 0.02 0.0 0.0 0.0 0.0 <END>
0.0 2.77 5.87 0.21 0.03 0.0 0.0 0.0 0.0 0.0 <END>
0.0 2.93 6.23 0.24 0.07 0.01 0.01 0.01 0.0 0.0 <END>
0.0 2.92 6.23 0.95 0.09 0.02 0.03 0.02 0.0 0.01 <END>
0.01 3.0 6.3 0.78 0.06 0.02 0.0 0.0 0.0 0.0 <END>
0.0 2.95 6.17 0.24 0.07 0.0 0.01 0.0 0.0 0.0 <END>
0.0 2.94 6.28 0.52 0.05 0.07 0.01 0.03 0.0 0.01 <END>
0.01 3.0 6.19 0.23 0.08 0.0 0.02 0.0 0.0 0.0 <END>
0.0 2.9 6.19 0.08 0.03 0.02 0.01 0.01 0.0 0.0 <END>
0.0 3.19 6.29 0.34 0.07 0.02 0.0 0.0 0.0 0.0 <END>
0.0 2.99 6.29 0.1 0.0 0.0 0.0 0.0 0.0 0.0 <END>
0.0 2.87 6.15 0.2 0.01 0.01 0.0 0.0 0.0 0.0 <END>
0.0 3.09 6.28 0.46 0.07 0.01 0.01 0.0 0.0 0.0 <END>
0.0 3.0 6.27 0.05 0.03 0.01 0.0 0.0 0.0 0.0 <END>
0.0 2.88 6.06 0.25 0.04 0.02 0.01 0.0 0.0 0.0 <END>
0.0 2.96 6.16 0.07 0.04 0.01 0.01 0.0 0.01 0.0 <END>
0.0 2.9 6.12 0.22 0.01 0.0 0.0 0.0 0.0 0.0 <END>
0.0 3.0 6.3 0.06 0.01 0.0 0.0 0.0 0.0 0.0 <END>
0.0 2.96 6.33 0.22 0.06 0.04 0.01 0.0 0.0 0.0 <END>
0.0 2.91 6.09 0.17 0.02 0.01 0.0 0.0 0.0 0.0 <END>
0.0 2.78 6.08 0.32 0.01 0.01 0.0 0.0 0.0 0.0 <END>
0.0 2.93 6.32 0.66 0.06 0.01 0.02 0.01 0.0 0.0 <END>
0.0 2.98 6.33 0.3 0.06 0.03 0.01 0.0 0.0 0.0 <END>
0.0 2.9 6.06 0.22 0.0 0.01 0.0 0.0 0.0 0.0 <END>
0.0 3.06 6.37 0.34 0.06 0.03 0.0 0.0 0.0 0.0 <END>
0.0 3.04 6.31 0.28 0.03 0.02 0.01 0.0 0.0 0.0 <END>
0.0 2.9 6.11 0.35 0.01 0.0 0.0 0.0 0.0 0.0 <END>
0.0 3.07 6.26 0.11 0.0 0.01 0.0 0.0 0.0 0.0 <END>
0.0 3.01 6.31 0.08 0.02 0.01 0.01 0.01 0.0 0.0 <END>
0.0 2.82 6.09 0.46 0.01 0.0 0.0 0.0 0.0 0.0 <END>
0.0 2.79 5.93 0.66 0.02 0.01 0.01 0.0 0.0 0.0 <END>
0.0 2.77 6.13 0.48 0.07 0.02 0.03 0.01 0.01 0.01 <END>
0.0 2.96 6.3 0.35 0.02 0.01 0.01 0.0 0.0 0.0 <END>
0.0 3.06 6.37 0.13 0.02 0.01 0.01 0.0 0.0 0.0 <END>
0.0 3.02 6.27 0.36 0.02 0.0 0.01 0.0 0.0 0.0 <END>
0.0 3.08 6.34 0.16 0.01 0.01 0.0 0.0 0.0 0.0 <END>
0.0 2.95 6.28 0.34 0.01 0.0 0.0 0.0 0.0 0.0 <END>
0.0 2.94 6.12 0.46 0.02 0.02 0.01 0.01 0.0 0.01 <END>
0.0 3.17 6.39 0.31 0.02 0.0 0.01 0.01 0.0 0.0 <END>
0.0 2.84 6.17 0.48 0.01 0.0 0.0 0.0 0.0 0.0 <END>
0.0 2.89 6.27 0.36 0.02 0.01 0.0 0.0 0.0 0.0 <END>
0.0 2.89 6.25 0.55 0.09 0.01 0.01 0.0 0.0 0.0 <END>
0.0 2.76 5.97 0.69 0.0 0.0 0.0 0.0 0.0 0.0 <END>
0.0 2.89 6.22 0.44 0.02 0.03 0.01 0.01 0.0 0.0 <END>
0.0 2.97 6.25 0.36 0.0 0.0 0.0 0.0 0.0 0.0 <END>
0.0 2.85 6.09 0.73 0.02 0.01 0.0 0.0 0.0 0.0 <END>
0.0 2.97 6.15 0.36 0.02 0.01 0.01 0.0 0.0 0.0 <END>
0.0 2.89 6.36 0.44 0.01 0.01 0.0 0.0 0.0 0.0 <END>
0.0 3.0 6.09 0.49 0.02 0.0 0.01 0.0 0.0 0.0 <END>
0.0 2.81 6.04 0.57 0.01 0.0 0.0 0.0 0.0 0.0 <END>
0.0 2.85 6.19 0.53 0.01 0.02 0.01 0.0 0.0 0.0 <END>
0.0 2.8 6.06 0.86 0.0 0.0 0.0 0.0 0.0 0.0 <END>
0.0 2.89 6.21 0.56 0.02 0.0 0.01 0.0 0.0 0.0 <END>
0.0 2.94 6.31 0.45 0.01 0.0 0.0 0.0 0.0 0.0 <END>
0.0 2.82 6.18 0.58 0.0 0.01 0.01 0.0 0.0 0.0 <END>
0.0 2.92 6.18 0.59 0.01 0.0 0.0 0.0 0.0 0.0 <END>
0.0 2.93 6.08 0.61 0.04 0.01 0.01 0.0 0.0 0.0 <END>
0.0 3.01 6.2 0.48 0.04 0.03 0.02 0.0 0.0 0.0 <END>
0.0 2.95 6.35 0.5 0.01 0.0 0.0 0.0 0.0 0.0 <END>
0.0 3.03 6.41 0.72 0.08 0.02 0.0 0.01 0.0 0.0 <END>
0.0 3.04 6.28 0.52 0.12 0.04 0.01 0.0 0.0 0.0 <END>
0.0 2.87 6.06 0.67 0.0 0.01 0.0 0.0 0.0 0.0 <END>
0.0 3.22 6.51 0.55 0.03 0.05 0.02 0.01 0.01 0.0 <END>
0.0 3.1 6.42 0.31 0.01 0.01 0.0 0.0 0.0 0.0 <END>
0.0 2.85 6.1 0.87 0.0 0.0 0.0 0.0 0.0 0.0 <END>
0.0 2.84 6.17 0.65 0.04 0.03 0.0 0.01 0.0 0.0 <END>
0.0 2.91 6.07 0.66 0.01 0.02 0.01 0.01 0.01 0.0 <END>
0.0 3.1 6.37 0.33 0.0 0.0 0.0 0.0 0.0 0.0 <END>
0.0 2.95 6.2 0.7 0.04 0.03 0.01 0.0 0.0 0.0 <END>
0.0 2.98 6.09 0.6 0.01 0.0 0.0 0.0 0.0 0.0 <END>
0.0 2.86 6.06 0.73 0.04 0.03 0.01 0.0 0.0 0.0 <END>
0.0 2.91 6.17 0.67 0.02 0.01 0.01 0.0 0.0 0.0 <END>
0.0 2.91 6.08 0.65 0.07 0.03 0.01 0.0 0.0 0.0 <END>
0.0 2.93 6.28 0.6 0.03 0.01 0.01 0.01 0.0 0.0 <END>
0.0 2.95 6.35 0.51 0.01 0.01 0.0 0.0 0.0 0.0 <END>
0.0 2.92 6.23 0.65 0.01 0.03 0.0 0.01 0.0 0.01 <END>
0.0 2.95 6.25 0.85 0.02 0.01 0.01 0.0 0.0 0.0 <END>
0.0 2.94 6.17 0.8 0.04 0.0 0.01 0.0 0.0 0.0 <END>
0.0 2.92 6.12 0.77 0.04 0.03 0.0 0.01 0.0 0.0 <END>
0.0 3.07 6.41 0.68 0.01 0.02 0.01 0.01 0.0 0.0 <END>
0.0 2.94 6.13 0.84 0.02 0.0 0.01 0.0 0.0 0.0 <END>
0.0 3.16 6.43 0.45 0.01 0.0 0.0 0.0 0.0 0.0 <END>
0.0 2.98 6.15 0.8 0.07 0.03 0.01 0.0 0.0 0.0 <END>
0.0 2.99 6.33 1.02 0.01 0.0 0.0 0.0 0.0 0.0 <END>
0.0 2.99 6.16 0.9 0.01 0.0 0.0 0.0 0.0 0.0 <END>
0.0 3.02 6.19 0.89 0.04 0.01 0.01 0.0 0.0 0.0 <END>
0.0 2.84 6.17 0.88 0.02 0.02 0.0 0.01 0.0 0.0 <END>
0.0 2.99 6.33 0.82 0.01 0.01 0.0 0.0 0.0 0.0 <END>
0.0 2.84 6.19 0.96 0.01 0.01 0.0 0.0 0.0 0.0 <END>
0.0 3.14 6.31 0.89 0.1 0.02 0.03 0.01 0.01 0.0 <END>
0.0 2.96 6.14 0.83 0.01 0.0 0.0 0.0 0.0 0.0 <END>
0.0 3.05 6.2 0.79 0.01 0.01 0.0 0.0 0.0 0.0 <END>
0.0 3.04 6.37 0.8 0.01 0.01 0.0 0.0 0.0 0.0 <END>
0.0 3.01 6.34 0.69 0.02 0.04 0.0 0.01 0.01 0.0 <END>
0.0 3.05 6.28 0.89 0.01 0.01 0.01 0.0 0.0 0.0 <END>
0.0 2.98 6.06 0.83 0.05 0.02 0.0 0.0 0.0 0.0 <END>
0.0 3.1 6.23 0.77 0.04 0.02 0.01 0.0 0.0 0.0 <END>
0.0 2.91 6.36 0.97 0.01 0.01 0.0 0.0 0.0 0.0 <END>
0.0 3.03 6.28 0.77 0.0 0.0 0.0 0.0 0.0 0.0 <END>
0.0 2.92 6.22 1.11 0.05 0.04 0.01 0.0 0.0 0.0 <END>
0.0 2.98 6.32 1.19 0.05 0.01 0.01 0.0 0.0 0.0 <END>
0.0 3.16 6.36 0.79 0.01 0.0 0.0 0.0 0.0 0.0 <END>
0.0 2.9 6.12 1.09 0.01 0.0 0.0 0.0 0.0 0.0 <END>
0.0 2.96 6.31 1.16 0.02 0.05 0.02 0.01 0.0 0.0 <END>
0.0 2.95 6.29 0.78 0.03 0.01 0.01 0.0 0.0 0.0 <END>
0.0 2.97 6.39 0.89 0.05 0.03 0.01 0.0 0.0 0.0 <END>
0.0 3.09 6.47 0.55 0.01 0.0 0.0 0.0 0.0 0.0 <END>
0.0 2.96 6.06 1.35 0.06 0.0 0.01 0.0 0.0 0.0 <END>
0.0 3.02 6.46 1.02 0.04 0.05 0.02 0.01 0.01 0.0 <END>
0.0 2.97 6.25 0.98 0.0 0.0 0.0 0.0 0.0 0.0 <END>
0.0 3.12 6.38 1.09 0.01 0.02 0.0 0.01 0.0 0.0 <END>
0.0 3.0 6.36 0.9 0.03 0.0 0.0 0.0 0.0 0.0 <END>
0.0 2.73 5.95 1.37 0.03 0.01 0.01 0.01 0.0 0.0 <END>
0.0 2.95 6.05 1.22 0.01 0.01 0.0 0.0 0.0 0.0 <END>
0.0 3.0 6.34 1.21 0.05 0.08 0.03 0.02 0.02 0.0 <END>
0.0 2.9 6.32 1.47 0.06 0.06 0.0 0.02 0.01 0.0 <END>
0.0 3.22 6.6 0.61 0.01 0.01 0.01 0.0 0.0 0.0 <END>
0.0 2.89 6.17 1.33 0.03 0.03 0.02 0.01 0.01 0.01 <END>
0.0 2.97 6.23 1.19 0.01 0.02 0.0 0.0 0.0 0.0 <END>
0.0 2.77 6.16 1.37 0.02 0.01 0.01 0.0 0.0 0.0 <END>
0.0 2.99 6.28 1.47 0.1 0.04 0.02 0.03 0.01 0.01 <END>
0.01 3.11 6.43 0.94 0.03 0.0 0.01 0.0 0.0 0.0 <END>
0.0 2.95 6.23 1.22 0.02 0.07 0.0 0.03 0.0 0.01 <END>
0.0 3.13 6.29 1.49 0.08 0.03 0.01 0.01 0.0 0.0 <END>
0.0 3.17 6.52 1.05 0.03 0.03 0.02 0.0 0.0 0.0 <END>
0.0 2.89 6.29 1.23 0.09 0.03 0.03 0.0 0.01 0.0 <END>
0.0 2.99 6.18 1.49 0.09 0.02 0.03 0.01 0.01 0.01 <END>
0.0 3.16 6.34 1.42 0.05 0.02 0.01 0.0 0.0 0.0 <END>
0.0 2.96 6.31 1.34 0.11 0.01 0.01 0.0 0.0 0.0 <END>
0.0 2.92 6.11 1.38 0.02 0.01 0.01 0.0 0.0 0.0 <END>
0.0 2.86 6.15 1.61 0.07 0.04 0.01 0.01 0.0 0.0 <END>
0.0 2.95 6.29 1.34 0.06 0.01 0.0 0.0 0.0 0.0 <END>
0.0 2.82 5.99 1.65 0.08 0.03 0.0 0.0 0.0 0.0 <END>
0.0 2.94 6.28 1.52 0.1 0.05 0.01 0.02 0.0 0.01 <END>
0.0 2.77 6.31 1.43 0.09 0.0 0.01 0.0 0.0 0.0 <END>
0.0 2.89 6.16 1.51 0.07 0.01 0.01 0.01 0.0 0.0 <END>
0.0 2.78 6.29 1.64 0.09 0.04 0.0 0.01 0.0 0.0 <END>
0.0 2.95 6.17 1.45 0.07 0.02 0.0 0.0 0.0 0.0 <END>
0.0 2.96 6.2 1.45 0.07 0.03 0.0 0.01 0.0 0.0 <END>
0.0 3.09 6.44 1.4 0.09 0.01 0.02 0.01 0.0 0.0 <END>
0.0 2.89 6.06 1.65 0.03 0.01 0.01 0.0 0.0 0.0 <END>
0.0 2.86 6.35 1.38 0.07 0.01 0.01 0.0 0.0 0.0 <END>
0.0 3.0 6.2 1.79 0.07 0.02 0.02 0.0 0.0 0.0 <END>
0.0 2.98 6.32 1.4 0.11 0.0 0.03 0.01 0.01 0.0 <END>
0.0 2.88 6.39 1.47 0.09 0.06 0.02 0.01 0.01 0.01 <END>
0.01 2.92 6.21 1.88 0.12 0.01 0.03 0.01 0.01 0.0 <END>
0.0 2.99 6.26 1.88 0.08 0.01 0.01 0.0 0.0 0.0 <END>
0.0 3.11 6.36 1.21 0.02 0.01 0.0 0.0 0.0 0.0 <END>
0.0 3.03 6.25 1.62 0.09 0.03 0.01 0.0 0.0 0.0 <END>
0.0 3.02 6.3 1.37 0.05 0.01 0.01 0.0 0.0 0.0 <END>
0.0 3.1 6.34 1.2 0.07 0.01 0.0 0.0 0.0 0.0 <END>
0.0 3.02 6.29 1.48 0.01 0.01 0.01 0.0 0.0 0.0 <END>
0.0 2.89 6.34 1.65 0.04 0.03 0.01 0.0 0.0 0.0 <END>
0.0 2.91 6.26 1.33 0.01 0.0 0.0 0.0 0.0 0.0 <END>
0.0 3.01 6.36 1.79 0.06 0.03 0.04 0.01 0.01 0.01 <END>
0.0 3.11 6.48 1.47 0.09 0.03 0.04 0.0 0.01 0.0 <END>
0.0 3.07 6.45 1.51 0.09 0.01 0.02 0.01 0.01 0.0 <END>
0.0 3.14 6.49 1.57 0.05 0.05 0.02 0.01 0.01 0.01 <END>
0.0 3.01 6.23 1.59 0.01 0.02 0.01 0.0 0.0 0.0 <END>
0.0 2.86 6.05 2.06 0.12 0.02 0.03 0.01 0.01 0.0 <END>
0.0 3.11 6.49 1.49 0.12 0.03 0.05 0.0 0.02 0.01 <END>
0.01 3.05 6.46 1.4 0.11 0.01 0.02 0.0 0.01 0.0 <END>
0.0 3.02 6.47 1.76 0.08 0.01 0.01 0.0 0.0 0.0 <END>
0.0 3.08 6.3 1.68 0.06 0.05 0.03 0.01 0.01 0.01 <END>
0.0 3.01 6.5 1.71 0.04 0.04 0.0 0.01 0.01 0.0 <END>
0.0 3.0 6.3 1.5 0.01 0.0 0.0 0.0 0.0 0.0 <END>
0.0 3.02 6.25 2.04 0.09 0.05 0.02 0.0 0.0 0.0 <END>
0.0 3.03 6.48 1.79 0.03 0.09 0.01 0.04 0.02 0.01 <END>
0.02 3.15 6.47 1.81 0.03 0.03 0.02 0.0 0.0 0.0 <END>
0.0 3.08 6.39 2.0 0.12 0.05 0.02 0.0 0.01 0.0 <END>
0.0 3.04 6.42 1.53 0.09 0.03 0.01 0.0 0.0 0.0 <END>
0.0 2.98 6.38 1.97 0.12 0.02 0.02 0.0 0.01 0.0 <END>
0.0 3.17 6.62 1.51 0.08 0.03 0.01 0.0 0.0 0.0 <END>
0.0 3.04 6.31 1.9 0.02 0.04 0.01 0.0 0.0 0.0 <END>
0.0 2.99 6.28 1.75 0.11 0.03 0.01 0.0 0.0 0.0 <END>
0.0 2.88 6.18 2.0 0.09 0.02 0.02 0.0 0.0 0.0 <END>
0.0 3.04 6.42 1.8 0.05 0.05 0.01 0.01 0.0 0.0 <END>
0.0 2.9 6.37 1.93 0.12 0.04 0.0 0.01 0.0 0.0 <END>
0.0 3.0 6.29 2.03 0.12 0.02 0.02 0.01 0.0 0.0 <END>
0.0 2.81 6.3 1.91 0.03 0.06 0.01 0.02 0.01 0.01 <END>
0.0 3.01 6.34 1.78 0.09 0.0 0.02 0.0 0.0 0.0 <END>
0.0 3.02 6.44 2.07 0.08 0.04 0.0 0.01 0.0 0.0 <END>
0.0 3.24 6.53 1.59 0.07 0.03 0.0 0.01 0.0 0.0 <END>
0.0 2.92 6.27 2.12 0.07 0.03 0.0 0.0 0.0 0.0 <END>
0.0 2.99 6.31 1.92 0.04 0.07 0.02 0.01 0.02 0.0 <END>
0.01 3.15 6.37 1.68 0.08 0.02 0.0 0.0 0.0 0.0 <END>
0.0 3.04 6.24 2.2 0.1 0.04 0.0 0.01 0.0 0.0 <END>
0.0 3.02 6.48 1.99 0.11 0.05 0.01 0.01 0.0 0.0 <END>
0.0 3.02 6.38 2.18 0.07 0.02 0.01 0.0 0.0 0.0 <END>
0.0 3.04 6.29 1.91 0.05 0.02 0.01 0.0 0.0 0.0 <END>
0.0 3.1 6.37 2.27 0.04 0.06 0.02 0.02 0.0 0.0 <END>
0.0 3.05 6.41 2.16 0.11 0.02 0.01 0.0 0.0 0.0 <END>
0.0 3.16 6.32 1.87 0.05 0.05 0.02 0.01 0.01 0.0 <END>
