0.0 467.01143 431.5889 405.19197 334.39609 295.74664 286.7184 293.38653 318.09948 -0.0 -0.0 -0.0 <END>
-0.0 472.46965 436.6117 407.43215 336.59374 296.76371 287.62202 295.78131 317.66197 -0.0 -0.0 -0.0 <END>
-0.0 495.0 431.36705 405.71699 335.50316 296.15256 287.64008 297.11031 313.60946 -0.0 -0.0 -0.0 <END>
-0.0 474.60195 430.16761 404.95115 335.78032 296.25534 287.55293 295.9044 314.60069 -0.0 -0.0 -0.0 <END>
-0.0 474.14107 430.75703 405.71991 335.14049 296.07274 288.12304 297.54976 319.29165 -0.0 -0.0 -0.0 <END>
-0.0 495.0 428.90507 405.48409 334.97679 296.82192 288.66117 299.42268 320.00283 -0.0 -0.0 -0.0 <END>
-0.0 495.0 438.13368 409.60109 339.09008 298.88719 289.65605 297.97132 321.31236 -0.0 -0.0 -0.0 <END>
-0.0 468.89591 430.70723 406.8559 335.82792 297.56976 289.39079 295.42074 311.93762 -0.0 -0.0 -0.0 <END>
-0.0 479.19052 433.01383 407.81107 339.75884 298.52938 289.41547 297.29887 318.8683 -0.0 -0.0 -0.0 <END>
-0.0 474.67209 432.54298 406.98183 334.02099 297.67514 290.44267 300.07477 322.73171 -0.0 -0.0 -0.0 <END>
-0.0 466.81885 429.23689 406.60829 334.56498 297.79268 290.57624 301.04106 319.93363 -0.0 -0.0 -0.0 <END>
-0.0 495.0 431.0073 407.84199 336.85296 298.74703 290.94691 299.19478 317.69388 -0.0 -0.0 -0.0 <END>
-0.0 495.0 433.81399 409.38325 339.3489 299.97293 291.58012 299.29186 316.8154 -0.0 -0.0 -0.0 <END>
-0.0 495.0 430.06447 407.60876 336.836 299.11735 291.24334 299.11891 316.70662 -0.0 -0.0 -0.0 <END>
-0.0 495.0 436.197 410.71099 338.76808 300.04685 291.83393 301.14215 320.89266 -0.0 -0.0 -0.0 <END>
-0.0 472.25194 435.46704 410.35381 337.08343 300.22626 293.21344 302.19143 320.64498 -0.0 -0.0 -0.0 <END>
-0.0 471.13518 432.54673 409.15719 334.36972 298.76584 293.02673 302.5826 261.34508 -0.0 -0.0 -0.0 <END>
-0.0 475.83263 431.6366 409.21586 336.89717 300.17726 292.91872 302.60109 319.76313 -0.0 -0.0 -0.0 <END>
-0.0 474.84379 436.17194 411.88565 339.81682 301.48495 293.85284 303.71253 324.23508 -0.0 -0.0 -0.0 <END>
-0.0 470.1367 434.01349 410.86739 337.93979 301.19881 293.95802 301.69763 322.17644 -0.0 -0.0 -0.0 <END>
-0.0 495.0 435.35891 410.92951 336.39948 300.81325 293.97811 305.93554 326.0148 -0.0 -0.0 -0.0 <END>
-0.0 495.0 430.70922 410.15456 338.18699 301.56521 294.83894 303.36657 322.71812 -0.0 -0.0 -0.0 <END>
-0.0 477.88708 438.86068 414.01784 341.07486 303.10462 295.4028 303.27765 325.25346 -0.0 -0.0 -0.0 <END>
-0.0 469.14012 429.62726 410.36379 337.82787 301.54321 294.66325 304.84658 322.5741 -0.0 -0.0 -0.0 <END>
-0.0 477.93597 435.18029 413.22881 339.0129 302.57272 295.45041 305.40894 326.6707 -0.0 -0.0 -0.0 <END>
-0.0 495.0 433.56667 412.77653 341.20318 303.41744 295.9698 304.62133 328.68847 -0.0 -0.0 -0.0 <END>
-0.0 495.0 430.34064 411.38428 339.50175 302.96332 296.24516 305.56398 329.02843 -0.0 -0.0 -0.0 <END>
-0.0 495.0 432.26754 412.59977 340.08948 303.50739 296.56875 305.7492 325.54817 -0.0 -0.0 -0.0 <END>
-0.0 495.0 435.33456 414.04677 341.90528 303.54083 296.65002 306.01231 329.8803 -0.0 -0.0 -0.0 <END>
-0.0 473.69982 438.46374 414.95735 341.07361 304.02212 297.94409 309.10632 329.26764 -0.0 -0.0 -0.0 <END>
-0.0 472.49508 428.13964 411.1124 337.83345 303.01583 297.25915 305.42916 326.373 -0.0 -0.0 -0.0 <END>
-0.0 478.07991 436.52645 414.5583 340.47143 304.4294 298.64654 306.48972 328.57826 -0.0 -0.0 -0.0 <END>
-0.0 495.0 438.21036 415.91237 342.23416 305.28732 298.20248 310.55109 327.15045 -0.0 -0.0 -0.0 <END>
-0.0 476.38078 433.20448 413.55069 338.82276 303.93204 298.28657 310.48783 330.50748 -0.0 -0.0 -0.0 <END>
-0.0 495.0 428.44163 410.65341 335.44934 302.54567 298.15402 306.02463 325.55868 -0.0 -0.0 -0.0 <END>
-0.0 495.0 436.05306 414.96428 340.31109 305.13072 299.41994 309.97072 331.3884 -0.0 -0.0 -0.0 <END>
-0.0 469.25596 431.86604 412.40682 337.16493 303.87336 299.24519 309.76866 328.06611 -0.0 -0.0 -0.0 <END>
-0.0 495.0 432.30621 412.504 336.94255 303.78442 299.61029 310.62502 211.1193 -0.0 -0.0 -0.0 <END>
-0.0 473.90514 436.27098 414.41732 338.9627 304.5079 300.25143 310.52333 329.0051 -0.0 -0.0 -0.0 <END>
-0.0 495.0 437.88142 415.88471 340.34313 305.72488 300.20512 312.39188 332.59733 -0.0 -0.0 -0.0 <END>
-0.0 495.0 435.52061 414.00838 336.30922 304.07994 301.42766 309.71208 92.11479 -0.0 -0.0 -0.0 <END>
-0.0 467.8025 435.06369 412.29787 334.58619 303.67106 300.83901 310.07982 152.75672 -0.0 -0.0 -0.0 <END>
-0.0 495.0 434.25382 413.49237 335.70946 304.01286 299.71839 310.59925 215.11323 -0.0 -0.0 -0.0 <END>
-0.0 477.87543 436.15041 414.70997 339.37822 305.27667 300.45599 309.33466 267.49893 -0.0 -0.0 -0.0 <END>
-0.0 477.08572 438.10525 415.05536 336.97533 304.7616 301.78157 310.53371 152.30435 -0.0 -0.0 -0.0 <END>
-0.0 473.56889 437.69397 414.74312 338.3909 305.39542 301.16099 310.80188 274.57258 -0.0 -0.0 -0.0 <END>
-0.0 495.0 436.85424 414.22536 337.48357 304.83809 301.12995 310.62319 212.66069 -0.0 -0.0 -0.0 <END>
-0.0 475.59582 437.07244 413.82508 335.98625 304.81337 301.45916 309.34864 152.16171 -0.0 -0.0 -0.0 <END>
-0.0 495.0 437.66126 414.15892 337.54886 305.79123 301.89523 311.46056 154.84781 -0.0 -0.0 -0.0 <END>
-0.0 472.53702 435.82361 413.09437 336.4834 304.74008 300.79944 310.90868 37.29874 -0.0 -0.0 -0.0 <END>
-0.0 495.0 436.35801 412.53111 335.5146 304.56918 301.44134 311.96079 93.10816 -0.0 -0.0 -0.0 <END>
-0.0 495.0 440.69617 415.07748 336.33835 305.99191 303.36784 311.41212 151.94341 -0.0 -0.0 -0.0 <END>
-0.0 469.32596 437.14675 412.62415 335.91662 305.02806 302.73203 312.83955 33.71013 -0.0 -0.0 -0.0 <END>
-0.0 495.0 436.18063 411.68768 333.53431 304.5122 302.84575 310.85655 94.89775 -0.0 -0.0 -0.0 <END>
-0.0 495.0 440.6929 415.18581 337.99566 306.33693 302.82991 314.24959 214.41925 -0.0 -0.0 -0.0 <END>
-0.0 495.0 439.1424 411.90923 335.17788 305.84392 304.12937 316.46636 97.98768 -0.0 -0.0 -0.0 <END>
-0.0 475.42335 444.03353 415.41325 337.67168 306.6696 303.58726 311.74434 95.67057 -0.0 -0.0 -0.0 <END>
-0.0 477.01179 443.01996 414.72915 337.45627 306.79931 303.77468 312.96519 96.96901 -0.0 -0.0 -0.0 <END>
-0.0 477.85979 440.72551 415.31282 338.07575 306.42979 303.77916 315.62199 91.26407 -0.0 -0.0 -0.0 <END>
-0.0 469.46386 440.34244 412.01249 335.13692 305.9004 304.03228 315.33164 32.58557 -0.0 -0.0 -0.0 <END>
-0.0 475.8832 441.85044 412.92208 335.92135 306.53999 304.29484 314.20377 -0.0 -0.0 -0.0 -0.0 <END>
-0.0 495.0 436.30091 409.0105 331.78519 304.59076 305.10712 319.51414 -0.0 -0.0 -0.0 -0.0 <END>
-0.0 470.9876 443.465 413.66537 336.15235 306.96588 305.25852 317.47392 97.51681 -0.0 -0.0 -0.0 <END>
-0.0 476.51262 445.78967 415.47995 337.63508 307.60212 305.30979 317.15217 33.35814 -0.0 -0.0 -0.0 <END>
-0.0 469.36877 439.62071 410.73379 334.20209 306.24298 305.0177 319.06093 34.13598 -0.0 -0.0 -0.0 <END>
-0.0 468.91665 439.15129 410.09421 334.04946 305.92071 304.31044 315.6859 32.20399 -0.0 -0.0 -0.0 <END>
-0.0 468.5039 440.56466 409.82729 333.55984 305.9702 304.55214 319.77917 -0.0 -0.0 -0.0 -0.0 <END>
-0.0 476.30557 443.82622 414.12757 336.77408 307.64697 305.96167 316.49179 -0.0 -0.0 -0.0 -0.0 <END>
-0.0 468.98274 442.4998 410.37178 332.55919 306.33454 306.36742 317.38899 -0.0 -0.0 -0.0 -0.0 <END>
-0.0 471.74235 444.36251 411.02469 333.09544 307.14868 307.4904 326.46092 -0.0 -0.0 -0.0 -0.0 <END>
-0.0 477.29836 446.62068 414.76642 336.88363 307.51083 306.89451 320.93783 -0.0 -0.0 -0.0 -0.0 <END>
-0.0 495.0 443.01202 410.07936 333.8638 307.15641 306.80521 319.3689 -0.0 -0.0 -0.0 -0.0 <END>
-0.0 476.19244 446.55806 412.79717 335.92073 307.69214 306.9209 316.92073 -0.0 -0.0 -0.0 -0.0 <END>
-0.0 473.53504 444.6011 410.28828 334.20645 307.46754 306.86006 321.1288 -0.0 -0.0 -0.0 -0.0 <END>
-0.0 495.0 444.94323 410.89577 333.13587 307.11076 307.4853 322.09369 -0.0 -0.0 -0.0 -0.0 <END>
-0.0 495.0 445.65666 410.84743 334.34669 308.04674 308.15742 324.62118 -0.0 -0.0 -0.0 -0.0 <END>
-0.0 479.05091 447.91118 413.12371 335.90272 308.01309 308.02953 322.34387 -0.0 -0.0 -0.0 -0.0 <END>
-0.0 495.0 446.15484 411.95194 335.32692 308.45804 308.68746 320.73008 -0.0 -0.0 -0.0 -0.0 <END>
-0.0 469.51828 443.77102 408.56887 333.42635 307.79012 308.5518 321.37672 -0.0 -0.0 -0.0 -0.0 <END>
-0.0 495.0 444.41864 410.15178 332.67957 307.21053 309.42565 323.33553 -0.0 -0.0 -0.0 -0.0 <END>
-0.0 495.0 445.27222 402.25226 332.86332 307.88587 308.87922 324.87029 -0.0 -0.0 -0.0 -0.0 <END>
-0.0 495.0 446.40343 409.66111 333.88335 308.53587 308.48678 325.52312 -0.0 -0.0 -0.0 -0.0 <END>
-0.0 479.85399 451.44017 415.31834 337.63643 309.80945 309.34093 328.22541 -0.0 -0.0 -0.0 -0.0 <END>
-0.0 471.45859 446.07291 408.88485 332.31583 307.85495 309.2087 322.67217 -0.0 -0.0 -0.0 -0.0 <END>
-0.0 473.92044 446.6423 408.82403 333.24028 308.09713 309.48891 325.20666 -0.0 -0.0 -0.0 -0.0 <END>
-0.0 495.0 448.30927 410.98311 334.58747 308.49773 308.58644 324.1626 -0.0 -0.0 -0.0 -0.0 <END>
-0.0 495.0 447.95446 403.62657 333.88996 309.18721 310.45481 325.25276 -0.0 -0.0 -0.0 -0.0 <END>
-0.0 471.97023 448.09541 403.01619 333.48419 309.06918 311.19629 321.50258 -0.0 -0.0 -0.0 -0.0 <END>
-0.0 472.34129 448.21807 402.08569 332.02758 308.93109 311.7196 325.11467 -0.0 -0.0 -0.0 -0.0 <END>
-0.0 495.0 446.70207 402.09986 332.92093 309.08399 310.86533 328.99874 -0.0 -0.0 -0.0 -0.0 <END>
-0.0 495.0 445.62555 398.35579 331.0127 308.60907 311.50655 327.18914 -0.0 -0.0 -0.0 -0.0 <END>
-0.0 470.05661 450.09397 401.87235 333.44034 309.82569 311.22623 325.22196 -0.0 -0.0 -0.0 -0.0 <END>
-0.0 467.81151 449.46443 401.60818 333.10505 309.7613 312.27889 328.42744 -0.0 -0.0 -0.0 -0.0 <END>
-0.0 470.65715 450.5598 400.79653 333.10071 310.09846 312.58394 331.819 -0.0 -0.0 -0.0 -0.0 <END>
-0.0 495.0 450.47205 399.08584 332.33318 310.14002 313.5564 329.44775 -0.0 -0.0 -0.0 -0.0 <END>
-0.0 474.68346 451.18888 402.18962 333.53097 310.60356 313.58496 326.24318 -0.0 -0.0 -0.0 -0.0 <END>
-0.0 480.23623 454.13237 406.22684 335.84296 311.09474 313.23097 328.40802 -0.0 -0.0 -0.0 -0.0 <END>
-0.0 473.87103 452.44025 402.88857 333.13506 310.74437 313.25517 329.39866 -0.0 -0.0 -0.0 -0.0 <END>
-0.0 468.97221 449.24614 397.21692 331.57994 310.2207 313.15938 329.01475 -0.0 -0.0 -0.0 -0.0 <END>
-0.0 495.0 454.15137 403.06812 334.49221 311.46853 314.2789 332.23544 -0.0 -0.0 -0.0 -0.0 <END>
-0.0 467.40341 449.63665 396.47962 331.23371 310.30634 313.72658 328.4224 -0.0 -0.0 -0.0 -0.0 <END>
-0.0 474.35124 455.4125 402.92985 333.65264 311.95022 313.80307 330.72814 -0.0 -0.0 -0.0 -0.0 <END>
-0.0 474.11093 452.82134 400.1647 333.2713 311.2913 313.9094 328.61363 -0.0 -0.0 -0.0 -0.0 <END>
-0.0 470.18596 452.5777 398.60665 332.42888 311.44831 313.56961 332.22731 -0.0 -0.0 -0.0 -0.0 <END>
-0.0 495.0 452.71492 399.42675 333.00145 311.64614 313.88083 333.06195 -0.0 -0.0 -0.0 -0.0 <END>
-0.0 469.75704 452.56344 397.94828 332.45709 311.85378 315.57901 331.20779 -0.0 -0.0 -0.0 -0.0 <END>
-0.0 495.0 453.72578 398.80648 332.85336 311.97471 315.45799 332.30704 -0.0 -0.0 -0.0 -0.0 <END>
-0.0 465.84299 452.83515 395.74762 331.5705 311.84534 316.12587 334.30001 -0.0 -0.0 -0.0 -0.0 <END>
-0.0 466.62247 453.67673 396.52407 332.01232 312.14874 315.63715 335.80405 -0.0 -0.0 -0.0 -0.0 <END>
-0.0 465.35138 452.11927 394.95824 331.30031 311.81101 315.47916 337.09632 -0.0 -0.0 -0.0 -0.0 <END>
-0.0 495.0 455.56071 398.92334 333.33811 312.93586 315.74819 332.23958 -0.0 -0.0 -0.0 -0.0 <END>
-0.0 476.61124 458.26186 400.81827 334.74779 313.53483 316.63392 332.86305 -0.0 -0.0 -0.0 -0.0 <END>
-0.0 472.43384 456.83423 398.4617 333.35382 312.87378 316.11126 335.71943 -0.0 -0.0 -0.0 -0.0 <END>
-0.0 473.56633 458.08676 398.20608 333.30505 313.56359 316.32408 336.15339 -0.0 -0.0 -0.0 -0.0 <END>
-0.0 495.0 455.73215 398.48141 333.142 313.0334 317.06842 334.59494 -0.0 -0.0 -0.0 -0.0 <END>
-0.0 495.0 457.61054 397.68617 333.31366 313.80218 318.20257 337.54143 -0.0 -0.0 -0.0 -0.0 <END>
-0.0 469.00634 456.36692 395.96188 332.40124 313.23031 317.58796 335.5566 -0.0 -0.0 -0.0 -0.0 <END>
-0.0 479.70984 460.94059 401.39868 335.22716 314.44386 318.17925 338.8296 -0.0 -0.0 -0.0 -0.0 <END>
-0.0 495.0 457.15647 395.15887 332.3903 314.30098 318.22487 336.10658 -0.0 -0.0 -0.0 -0.0 <END>
-0.0 495.0 455.73055 392.81029 331.69022 313.99322 317.70424 334.10537 -0.0 -0.0 -0.0 -0.0 <END>
-0.0 468.60417 457.85126 394.17773 332.44311 314.59341 317.35447 336.51082 -0.0 -0.0 -0.0 -0.0 <END>
-0.0 495.0 454.88943 391.25683 329.90823 314.11293 318.12379 332.71282 -0.0 -0.0 -0.0 -0.0 <END>
-0.0 495.0 457.77273 392.54618 332.04464 315.16046 320.02947 335.72695 -0.0 -0.0 -0.0 -0.0 <END>
-0.0 477.63211 462.59752 398.87529 334.79177 315.7197 319.59729 342.43193 -0.0 -0.0 -0.0 -0.0 <END>
-0.0 495.0 462.99805 400.6777 335.71875 316.36423 319.70903 340.18092 -0.0 -0.0 -0.0 -0.0 <END>
-0.0 472.04774 460.19047 397.28414 333.90107 315.60846 319.45038 337.85535 -0.0 -0.0 -0.0 -0.0 <END>
-0.0 495.0 459.65309 394.77004 331.96575 315.59153 320.09714 342.98719 -0.0 -0.0 -0.0 -0.0 <END>
-0.0 495.0 461.3151 396.72293 334.14727 316.05632 320.97149 337.74776 -0.0 -0.0 -0.0 -0.0 <END>
-0.0 495.0 460.6631 396.72508 333.85502 315.51728 320.45499 340.51268 -0.0 -0.0 -0.0 -0.0 <END>
-0.0 495.0 464.42392 398.26875 335.25998 317.13727 321.31269 339.37458 -0.0 -0.0 -0.0 -0.0 <END>
-0.0 495.0 457.74127 389.75851 331.39079 315.92815 322.01065 343.58167 -0.0 -0.0 -0.0 -0.0 <END>
-0.0 495.0 459.65736 390.89516 331.92664 316.49303 324.28621 347.8405 -0.0 -0.0 -0.0 -0.0 <END>
-0.0 495.0 461.55111 393.35797 333.16052 317.09759 321.35271 339.47885 -0.0 -0.0 -0.0 -0.0 <END>
-0.0 495.0 464.41039 395.71503 334.69537 317.75735 320.07414 340.99 -0.0 -0.0 -0.0 -0.0 <END>
-0.0 495.0 464.36723 395.23383 334.29527 317.65112 320.95667 340.74861 -0.0 -0.0 -0.0 -0.0 <END>
-0.0 495.0 465.69396 396.5249 334.87923 318.24927 322.82536 342.10119 -0.0 -0.0 -0.0 -0.0 <END>
-0.0 495.0 466.99131 397.86438 335.59872 318.38713 324.13239 344.47797 -0.0 -0.0 -0.0 -0.0 <END>
-0.0 495.0 466.82012 397.60076 335.67015 318.47018 323.62755 340.7851 -0.0 -0.0 -0.0 -0.0 <END>
-0.0 495.0 467.86398 398.3673 336.21668 319.11525 325.7312 342.6713 -0.0 -0.0 -0.0 -0.0 <END>
-0.0 495.0 463.74291 393.39178 333.66539 317.76526 325.07414 334.07344 -0.0 -0.0 -0.0 -0.0 <END>
-0.0 495.0 467.40647 396.57781 335.75997 319.25558 323.75746 347.98039 -0.0 -0.0 -0.0 -0.0 <END>
-0.0 495.0 465.6608 392.9908 334.65833 319.86033 328.47657 342.56475 -0.0 -0.0 -0.0 -0.0 <END>
-0.0 495.0 465.25183 393.03559 334.31422 319.36792 327.42485 340.04175 -0.0 -0.0 -0.0 -0.0 <END>
-0.0 495.0 465.10014 393.87318 334.40005 318.73113 325.67114 340.17397 -0.0 -0.0 -0.0 -0.0 <END>
-0.0 495.0 468.22713 395.27662 335.70673 319.92667 327.01776 342.60358 -0.0 -0.0 -0.0 -0.0 <END>
-0.0 495.0 467.12895 394.28041 335.24274 319.98372 327.46988 346.53391 -0.0 -0.0 -0.0 -0.0 <END>
-0.0 495.0 464.20913 390.4444 333.67976 319.46313 326.625 342.10027 -0.0 -0.0 -0.0 -0.0 <END>
-0.0 495.0 464.20369 389.15375 333.43969 319.49202 326.87607 339.80057 -0.0 -0.0 -0.0 -0.0 <END>
-0.0 495.0 468.31022 394.77823 335.87671 320.76745 328.3564 344.96792 -0.0 -0.0 -0.0 -0.0 <END>
-0.0 495.0 467.05751 390.167 334.66358 321.28815 329.55222 341.63802 -0.0 -0.0 -0.0 -0.0 <END>
-0.0 495.0 469.64153 391.73181 334.38083 321.69964 331.97562 349.36516 -0.0 -0.0 -0.0 -0.0 <END>
-0.0 495.0 471.05084 394.4089 336.53994 322.02229 328.99417 345.12568 -0.0 -0.0 -0.0 -0.0 <END>
-0.0 495.0 473.90507 398.31797 337.9634 322.54743 329.74291 352.66178 -0.0 -0.0 -0.0 -0.0 <END>
-0.0 495.0 466.51412 388.74775 334.02702 321.61085 331.7125 344.51649 -0.0 -0.0 -0.0 -0.0 <END>
-0.0 495.0 468.98226 390.67918 335.39087 322.217 332.42141 351.04588 -0.0 -0.0 -0.0 -0.0 <END>
-0.0 495.0 469.64663 390.96148 335.73453 322.61603 332.98278 343.66066 -0.0 -0.0 -0.0 -0.0 <END>
-0.0 495.0 470.9028 392.78877 336.64098 322.507 330.3956 346.918 -0.0 -0.0 -0.0 -0.0 <END>
-0.0 495.0 469.26766 388.44656 334.738 322.32944 332.27297 349.00221 -0.0 -0.0 -0.0 -0.0 <END>
-0.0 495.0 472.63616 392.70382 336.98445 323.99823 335.37499 351.84631 -0.0 -0.0 -0.0 -0.0 <END>
-0.0 495.0 470.18644 389.62546 336.24715 323.97127 334.3835 355.2379 -0.0 -0.0 -0.0 -0.0 <END>
-0.0 495.0 471.04826 390.64231 336.51315 323.90083 332.41469 356.06515 -0.0 -0.0 -0.0 -0.0 <END>
-0.0 495.0 471.14273 391.11365 336.52459 323.77888 334.99205 353.37793 -0.0 -0.0 -0.0 -0.0 <END>
-0.0 495.0 470.8117 388.8127 336.1369 324.54159 334.6139 352.93199 -0.0 -0.0 -0.0 -0.0 <END>
-0.0 495.0 472.07174 390.58308 336.74204 324.87654 335.8675 352.21962 -0.0 -0.0 -0.0 -0.0 <END>
-0.0 495.0 474.38752 392.02273 337.72338 325.30461 334.6442 348.96942 -0.0 -0.0 -0.0 -0.0 <END>
-0.0 495.0 474.267 391.02974 337.88362 326.16016 336.42965 357.49555 -0.0 -0.0 -0.0 -0.0 <END>
-0.0 495.0 478.4006 395.01261 339.7252 326.62677 336.6993 361.1099 -0.0 -0.0 -0.0 -0.0 <END>
-0.0 495.0 470.12984 386.73359 335.96442 325.47388 337.00696 354.65165 -0.0 -0.0 -0.0 -0.0 <END>
-0.0 495.0 473.46287 389.73174 337.49066 326.58851 335.30038 356.07724 -0.0 -0.0 -0.0 -0.0 <END>
-0.0 495.0 475.68493 391.29158 338.52934 326.71376 336.61374 353.15315 -0.0 -0.0 -0.0 -0.0 <END>
-0.0 495.0 474.68173 390.08769 338.08414 327.10777 338.00185 362.14767 -0.0 -0.0 -0.0 -0.0 <END>
-0.0 495.0 471.7681 387.5497 336.22855 326.42196 338.28825 358.72023 -0.0 -0.0 -0.0 -0.0 <END>
-0.0 495.0 479.08007 393.43427 339.7306 328.09607 337.41072 357.82048 0.0 0.0 0.0 0.0 <END>
0.0 495.0 475.32387 389.9265 338.32073 327.46982 339.96801 365.67548 -0.0 -0.0 -0.0 -0.0 <END>
-0.0 495.0 473.97948 388.27065 337.77913 327.60532 340.7944 364.69021 -0.0 -0.0 -0.0 -0.0 <END>
-0.0 495.0 475.80372 390.45804 338.85189 327.74417 340.35521 364.54519 -0.0 -0.0 -0.0 -0.0 <END>
-0.0 495.0 476.09298 389.78666 338.71561 328.55684 336.06641 360.59992 -0.0 -0.0 -0.0 -0.0 <END>
-0.0 495.0 476.18029 389.25734 339.25493 328.91497 340.72662 366.35713 -0.0 -0.0 -0.0 -0.0 <END>
-0.0 495.0 480.63846 394.2531 340.96806 329.27441 341.11456 359.39354 -0.0 -0.0 -0.0 -0.0 <END>
-0.0 495.0 479.79965 391.15989 340.6569 330.6728 339.30066 363.5893 -0.0 -0.0 -0.0 -0.0 <END>
-0.0 495.0 480.6047 389.55055 339.92859 331.29521 342.82116 369.28404 -0.0 -0.0 -0.0 -0.0 <END>
-0.0 495.0 481.85895 390.32027 341.18218 331.41998 341.81365 363.69377 -0.0 -0.0 -0.0 -0.0 <END>
-0.0 495.0 475.77759 387.67228 339.15073 330.58916 341.59655 366.36862 -0.0 -0.0 -0.0 -0.0 <END>
-0.0 495.0 479.02203 389.327 340.73543 331.73094 340.85536 362.70716 -0.0 -0.0 -0.0 -0.0 <END>
-0.0 495.0 483.03455 393.37323 341.78361 332.5847 342.89415 368.88649 -0.0 -0.0 -0.0 -0.0 <END>
-0.0 495.0 480.50453 390.8073 341.21662 331.88551 345.5593 368.9209 -0.0 -0.0 -0.0 -0.0 <END>
-0.0 495.0 479.60261 391.00296 340.61115 330.91807 341.77669 360.01965 -0.0 -0.0 -0.0 -0.0 <END>
-0.0 495.0 484.50598 393.84845 342.69135 332.81113 344.16966 368.63609 -0.0 -0.0 -0.0 -0.0 <END>
-0.0 495.0 485.53289 394.31958 343.36859 333.30935 345.93848 372.57748 -0.0 -0.0 -0.0 -0.0 <END>
-0.0 495.0 478.29046 387.11821 340.82376 333.21503 346.1766 311.97113 -0.0 -0.0 -0.0 -0.0 <END>
-0.0 495.0 480.94981 390.03845 341.62302 333.15449 345.37501 372.91561 -0.0 -0.0 -0.0 -0.0 <END>
-0.0 495.0 481.77668 390.86211 342.45155 333.50185 346.18129 374.43651 -0.0 -0.0 -0.0 -0.0 <END>
-0.0 495.0 480.90692 389.13015 342.33432 334.66937 346.02787 370.56415 -0.0 -0.0 -0.0 -0.0 <END>
-0.0 495.0 483.77795 391.00154 343.42922 335.5943 346.95956 370.27752 -0.0 -0.0 -0.0 -0.0 <END>
-0.0 495.0 484.2665 390.87903 343.97464 336.20602 347.7221 315.03045 -0.0 -0.0 -0.0 -0.0 <END>
-0.0 495.0 487.17287 393.44123 345.06549 336.42615 349.53812 370.41124 -0.0 -0.0 -0.0 -0.0 <END>
-0.0 495.0 483.77801 390.29396 343.30838 335.59 347.50656 374.3499 -0.0 -0.0 -0.0 -0.0 <END>
-0.0 495.0 480.48309 387.38979 342.54678 335.81968 348.73934 314.64648 -0.0 -0.0 -0.0 -0.0 <END>
-0.0 495.0 489.05999 393.9888 344.99974 337.33239 351.01656 375.46073 -0.0 -0.0 -0.0 -0.0 <END>
-0.0 495.0 482.49647 389.29746 343.74439 336.66625 346.33143 369.25947 -0.0 -0.0 -0.0 -0.0 <END>
-0.0 495.0 484.34443 390.89781 344.20386 336.42418 348.46383 369.9632 -0.0 -0.0 -0.0 -0.0 <END>
-0.0 495.0 489.33744 393.12927 346.24199 338.88946 349.45269 375.27482 -0.0 -0.0 -0.0 -0.0 <END>
-0.0 495.0 483.43389 389.22835 343.84622 336.77304 348.97247 312.41092 -0.0 -0.0 -0.0 -0.0 <END>
-0.0 495.0 481.10092 387.40506 343.76038 337.78763 349.83361 315.95834 -0.0 -0.0 -0.0 -0.0 <END>
-0.0 495.0 480.31502 386.42628 343.49542 338.31434 349.18086 194.80084 -0.0 -0.0 -0.0 -0.0 <END>
-0.0 495.0 479.13306 385.58382 343.69139 338.57255 351.46764 254.74928 -0.0 -0.0 -0.0 -0.0 <END>
-0.0 495.0 483.40271 388.31976 344.34962 339.74005 352.34946 195.51901 -0.0 -0.0 -0.0 -0.0 <END>
-0.0 495.0 485.13899 389.38482 346.16334 340.90594 353.19953 133.81485 -0.0 -0.0 -0.0 -0.0 <END>
-0.0 495.0 489.01558 391.66013 347.6792 341.6338 356.53268 195.70493 -0.0 -0.0 -0.0 -0.0 <END>
-0.0 495.0 490.07386 390.71375 347.66804 342.65987 356.84889 137.15479 -0.0 -0.0 -0.0 -0.0 <END>
-0.0 495.0 492.27618 393.8919 349.2072 343.19737 357.70569 140.67603 -0.0 -0.0 -0.0 -0.0 <END>
-0.0 495.0 491.77424 393.47229 348.28456 343.24875 353.55171 195.5598 -0.0 -0.0 -0.0 -0.0 <END>
-0.0 495.0 487.96764 390.71195 347.31685 341.70676 354.91532 200.82361 -0.0 -0.0 -0.0 -0.0 <END>
-0.0 495.0 488.02022 390.66917 348.09679 343.32896 356.1223 141.57297 -0.0 -0.0 -0.0 -0.0 <END>
-0.0 495.0 488.32424 391.14705 347.88832 342.76642 354.65256 376.25297 -0.0 -0.0 -0.0 -0.0 <END>
-0.0 495.0 495.0 396.13584 350.98376 345.03378 356.06721 263.46132 -0.0 -0.0 -0.0 -0.0 <END>
-0.0 495.0 485.20129 389.16576 347.30082 342.71435 356.62421 136.63347 -0.0 -0.0 -0.0 -0.0 <END>
-0.0 495.0 494.21539 394.80739 350.53489 345.14828 359.06396 143.08574 -0.0 -0.0 -0.0 -0.0 <END>
-0.0 495.0 490.25948 391.78128 349.39866 346.01228 356.45622 377.42014 -0.0 -0.0 -0.0 -0.0 <END>
-0.0 495.0 490.46645 391.54449 349.72599 345.93714 354.13568 201.16645 -0.0 -0.0 -0.0 -0.0 <END>
-0.0 495.0 488.88036 388.65369 348.4752 345.96074 355.39887 22.70453 -0.0 -0.0 -0.0 -0.0 <END>
-0.0 495.0 487.18666 389.20287 349.2768 346.40914 360.47352 82.64593 -0.0 -0.0 -0.0 -0.0 <END>
-0.0 495.0 491.35635 392.22516 351.18718 347.37311 360.1531 144.59795 -0.0 -0.0 -0.0 -0.0 <END>
-0.0 495.0 495.0 395.52073 352.7988 348.49896 360.93174 90.02426 -0.0 -0.0 -0.0 -0.0 <END>
-0.0 495.0 495.0 395.62884 353.05773 347.88983 361.39941 147.73894 -0.0 -0.0 -0.0 -0.0 <END>
-0.0 495.0 495.0 394.10583 351.70596 347.65157 359.413 381.16705 -0.0 -0.0 -0.0 -0.0 <END>
-0.0 495.0 489.5318 390.82618 350.55539 347.27233 362.01914 27.27934 -0.0 -0.0 -0.0 -0.0 <END>
-0.0 495.0 495.0 395.06415 352.80068 349.61629 360.95885 25.02527 -0.0 -0.0 -0.0 -0.0 <END>
-0.0 495.0 492.69862 392.97019 351.69432 348.19026 360.12241 86.54574 -0.0 -0.0 -0.0 -0.0 <END>
-0.0 495.0 493.08032 392.99579 353.20365 350.14677 363.82075 25.89469 -0.0 -0.0 -0.0 -0.0 <END>
-0.0 495.0 491.33286 391.48983 351.92557 349.2129 365.44189 -0.0 -0.0 -0.0 -0.0 -0.0 <END>
-0.0 495.0 495.0 395.29026 354.39383 351.41512 365.13672 150.13153 -0.0 -0.0 -0.0 -0.0 <END>
-0.0 495.0 495.0 395.29516 353.69941 350.37629 363.36616 146.6189 -0.0 -0.0 -0.0 -0.0 <END>
-0.0 495.0 492.97878 392.86659 353.15846 350.43252 364.01411 87.78241 -0.0 -0.0 -0.0 -0.0 <END>
-0.0 495.0 493.44499 392.96897 353.70208 350.92688 364.67224 27.56682 -0.0 -0.0 -0.0 -0.0 <END>
-0.0 495.0 490.0497 390.44788 352.97388 352.0423 367.28978 -0.0 -0.0 -0.0 -0.0 -0.0 <END>
-0.0 495.0 491.55899 391.37628 353.78379 351.45555 366.74304 27.76048 -0.0 -0.0 -0.0 -0.0 <END>
-0.0 495.0 495.0 394.67278 355.37005 353.5294 365.73641 206.71908 -0.0 -0.0 -0.0 -0.0 <END>
-0.0 495.0 495.0 399.14909 357.77087 354.93823 369.21892 -0.0 -0.0 -0.0 -0.0 -0.0 <END>
-0.0 495.0 495.0 397.60902 357.25813 356.33551 373.7375 -0.0 -0.0 -0.0 -0.0 -0.0 <END>
-0.0 495.0 495.0 395.99739 357.16105 354.94494 370.01657 -0.0 -0.0 -0.0 -0.0 -0.0 <END>
-0.0 495.0 495.0 395.92951 357.57619 356.28756 376.31303 -0.0 -0.0 -0.0 -0.0 -0.0 <END>
-0.0 495.0 493.15819 392.67175 355.39521 354.39532 370.83031 -0.0 -0.0 -0.0 -0.0 -0.0 <END>
-0.0 495.0 495.0 398.40963 358.93265 356.74343 368.33018 -0.0 -0.0 -0.0 -0.0 -0.0 <END>
-0.0 495.0 493.03224 392.81278 355.59989 355.31001 370.34326 -0.0 -0.0 -0.0 -0.0 -0.0 <END>
-0.0 495.0 495.0 395.91937 358.74543 358.87397 376.07772 -0.0 -0.0 -0.0 -0.0 -0.0 <END>
-0.0 495.0 491.58033 391.76961 355.82619 355.93505 367.73763 -0.0 -0.0 -0.0 -0.0 -0.0 <END>
-0.0 495.0 495.0 394.76644 358.01543 357.62932 371.25479 -0.0 -0.0 -0.0 -0.0 -0.0 <END>
-0.0 495.0 495.0 398.67665 360.69128 359.80564 374.05415 -0.0 -0.0 -0.0 -0.0 -0.0 <END>
-0.0 495.0 495.0 394.94741 358.77862 358.7396 374.47372 -0.0 -0.0 -0.0 -0.0 -0.0 <END>
