-0.0 439.29112 388.24309 338.74243 -0.0 -0.0 -0.0 -0.0 -0.0 -0.0 <END>
-0.0 450.60968 402.45894 375.3 -0.0 -0.0 -0.0 -0.0 -0.0 -0.0 <END>
-0.0 495.0 390.83857 374.4 -0.0 -0.0 -0.0 -0.0 -0.0 -0.0 <END>
-0.0 495.0 392.24828 315.0 -0.0 -0.0 -0.0 -0.0 -0.0 -0.0 <END>
-0.0 495.0 393.88514 374.4 -0.0 -0.0 -0.0 -0.0 -0.0 -0.0 <END>
-0.0 495.0 397.59686 434.7 -0.0 -0.0 -0.0 -0.0 -0.0 -0.0 <END>
-0.0 495.0 396.39585 375.3 -0.0 -0.0 -0.0 -0.0 -0.0 -0.0 <END>
-0.0 443.96111 398.27106 435.6 -0.0 -0.0 -0.0 -0.0 -0.0 -0.0 <END>
-0.0 445.12825 385.2852 315.0 -0.0 -0.0 -0.0 -0.0 -0.0 -0.0 <END>
-0.0 495.0 387.51179 256.5 -0.0 -0.0 -0.0 -0.0 -0.0 -0.0 <END>
-0.0 494.88603 394.67021 434.7 -0.0 -0.0 -0.0 -0.0 -0.0 -0.0 <END>
-0.0 445.60404 397.66716 434.7 -0.0 -0.0 -0.0 -0.0 -0.0 -0.0 <END>
-0.0 490.26673 391.05083 434.7 -0.0 -0.0 -0.0 -0.0 -0.0 -0.0 <END>
-0.0 495.0 398.10542 374.4 -0.0 -0.0 -0.0 -0.0 -0.0 -0.0 <END>
-0.0 451.70465 401.0882 375.3 -0.0 -0.0 -0.0 -0.0 -0.0 -0.0 <END>
-0.0 493.07017 390.89935 375.3 -0.0 -0.0 -0.0 -0.0 -0.0 -0.0 <END>
-0.0 453.2428 407.04232 435.6 -0.0 -0.0 -0.0 -0.0 -0.0 -0.0 <END>
-0.0 450.07699 396.35434 435.6 -0.0 -0.0 -0.0 -0.0 -0.0 -0.0 <END>
-0.0 444.88663 394.40187 434.7 -0.0 -0.0 -0.0 -0.0 -0.0 -0.0 <END>
-0.0 449.92703 401.20247 435.6 -0.0 -0.0 -0.0 -0.0 -0.0 -0.0 <END>
-0.0 442.97286 391.36884 375.3 -0.0 -0.0 -0.0 -0.0 -0.0 -0.0 <END>
-0.0 447.45397 393.89662 375.3 -0.0 -0.0 -0.0 -0.0 -0.0 -0.0 <END>
-0.0 492.63705 387.62594 314.1 -0.0 -0.0 -0.0 -0.0 -0.0 -0.0 <END>
-0.0 448.04894 400.63337 375.3 -0.0 -0.0 -0.0 -0.0 -0.0 -0.0 <END>
-0.0 450.76625 397.96973 435.6 -0.0 -0.0 -0.0 -0.0 -0.0 -0.0 <END>
-0.0 495.0 395.27371 375.3 -0.0 -0.0 -0.0 -0.0 -0.0 -0.0 <END>
-0.0 451.82423 400.35745 495.0 -0.0 -0.0 -0.0 -0.0 -0.0 -0.0 <END>
-0.0 495.0 404.55892 495.0 -0.0 -0.0 -0.0 -0.0 -0.0 -0.0 <END>
-0.0 495.0 394.56778 374.4 -0.0 -0.0 -0.0 -0.0 -0.0 -0.0 <END>
-0.0 443.02231 390.72395 434.7 -0.0 -0.0 -0.0 -0.0 -0.0 -0.0 <END>
-0.0 495.0 392.63286 435.6 -0.0 -0.0 -0.0 -0.0 -0.0 -0.0 <END>
-0.0 448.69564 396.63189 375.3 -0.0 -0.0 -0.0 -0.0 -0.0 -0.0 <END>
-0.0 494.86589 390.23015 374.4 -0.0 -0.0 -0.0 -0.0 -0.0 -0.0 <END>
-0.0 444.82504 393.24178 374.4 -0.0 -0.0 -0.0 -0.0 -0.0 -0.0 <END>
-0.0 445.23684 392.21613 374.4 -0.0 -0.0 -0.0 -0.0 -0.0 -0.0 <END>
-0.0 495.0 403.46888 495.0 -0.0 -0.0 -0.0 -0.0 -0.0 -0.0 <END>
-0.0 495.0 402.55232 495.0 -0.0 -0.0 -0.0 -0.0 -0.0 -0.0 <END>
-0.0 453.15583 395.71527 434.7 -0.0 -0.0 -0.0 -0.0 -0.0 -0.0 <END>
-0.0 495.0 380.3579 314.1 -0.0 -0.0 -0.0 -0.0 -0.0 -0.0 <END>
-0.0 495.0 388.96388 374.4 -0.0 -0.0 -0.0 -0.0 -0.0 -0.0 <END>
-0.0 444.56465 389.51204 315.0 -0.0 -0.0 -0.0 -0.0 -0.0 -0.0 <END>
-0.0 445.97301 392.19725 375.3 -0.0 -0.0 -0.0 -0.0 -0.0 -0.0 <END>
-0.0 495.0 390.40395 434.7 -0.0 -0.0 -0.0 -0.0 -0.0 -0.0 <END>
-0.0 495.0 397.76147 434.7 -0.0 -0.0 -0.0 -0.0 -0.0 -0.0 <END>
-0.0 495.0 386.94627 314.1 -0.0 -0.0 -0.0 -0.0 -0.0 -0.0 <END>
-0.0 439.08682 375.13945 196.2 -0.0 -0.0 -0.0 -0.0 -0.0 -0.0 <END>
-0.0 495.0 392.51988 435.6 -0.0 -0.0 -0.0 -0.0 -0.0 -0.0 <END>
-0.0 449.31366 390.83218 374.4 -0.0 -0.0 -0.0 -0.0 -0.0 -0.0 <END>
-0.0 495.0 382.08826 315.0 -0.0 -0.0 -0.0 -0.0 -0.0 -0.0 <END>
-0.0 441.03522 384.18808 374.4 -0.0 -0.0 -0.0 -0.0 -0.0 -0.0 <END>
-0.0 495.0 391.86312 495.0 -0.0 -0.0 -0.0 -0.0 -0.0 -0.0 <END>
-0.0 447.08149 387.634 434.7 -0.0 -0.0 -0.0 -0.0 -0.0 -0.0 <END>
-0.0 452.54319 397.08497 434.7 -0.0 -0.0 -0.0 -0.0 -0.0 -0.0 <END>
-0.0 442.35633 391.98813 434.7 -0.0 -0.0 -0.0 -0.0 -0.0 -0.0 <END>
-0.0 495.0 395.17124 495.0 -0.0 -0.0 -0.0 -0.0 -0.0 -0.0 <END>
-0.0 495.0 399.10071 434.7 -0.0 -0.0 -0.0 -0.0 -0.0 -0.0 <END>
-0.0 450.23924 393.08766 495.0 -0.0 -0.0 -0.0 -0.0 -0.0 -0.0 <END>
-0.0 441.52324 381.82141 314.1 -0.0 -0.0 -0.0 -0.0 -0.0 -0.0 <END>
-0.0 493.88413 374.92692 314.1 -0.0 -0.0 -0.0 -0.0 -0.0 -0.0 <END>
-0.0 439.33885 382.76473 495.0 -0.0 -0.0 -0.0 -0.0 -0.0 -0.0 <END>
-0.0 495.0 396.78899 434.7 -0.0 -0.0 -0.0 -0.0 -0.0 -0.0 <END>
-0.0 450.39817 385.91563 315.0 -0.0 -0.0 -0.0 -0.0 -0.0 -0.0 <END>
-0.0 450.51344 391.80795 434.7 -0.0 -0.0 -0.0 -0.0 -0.0 -0.0 <END>
-0.0 495.0 383.41135 315.0 -0.0 -0.0 -0.0 -0.0 -0.0 -0.0 <END>
-0.0 449.64725 388.69874 373.5 -0.0 -0.0 -0.0 -0.0 -0.0 -0.0 <END>
-0.0 444.65527 385.6733 495.0 -0.0 -0.0 -0.0 -0.0 -0.0 -0.0 <END>
-0.0 448.57267 371.4851 253.79999 0.0 0.0 0.0 0.0 0.0 0.0 <END>
0.0 495.0 382.47662 315.0 -0.0 -0.0 -0.0 -0.0 -0.0 -0.0 <END>
-0.0 495.0 380.97951 254.7 -0.0 -0.0 -0.0 -0.0 -0.0 -0.0 <END>
-0.0 446.90938 377.73749 375.3 -0.0 -0.0 -0.0 -0.0 -0.0 -0.0 <END>
-0.0 495.0 390.83344 435.6 -0.0 -0.0 -0.0 -0.0 -0.0 -0.0 <END>
-0.0 495.0 391.01117 375.3 -0.0 -0.0 -0.0 -0.0 -0.0 -0.0 <END>
-0.0 495.0 384.6195 374.4 -0.0 -0.0 -0.0 -0.0 -0.0 -0.0 <END>
-0.0 495.0 378.62462 315.0 -0.0 -0.0 -0.0 -0.0 -0.0 -0.0 <END>
-0.0 451.0105 387.66293 495.0 -0.0 -0.0 -0.0 -0.0 -0.0 -0.0 <END>
-0.0 495.0 385.05073 374.4 -0.0 -0.0 -0.0 -0.0 -0.0 -0.0 <END>
-0.0 495.0 381.81023 434.7 -0.0 -0.0 -0.0 -0.0 -0.0 -0.0 <END>
-0.0 495.0 376.57397 495.0 -0.0 -0.0 -0.0 -0.0 -0.0 -0.0 <END>
-0.0 495.0 390.24181 495.0 -0.0 -0.0 -0.0 -0.0 -0.0 -0.0 <END>
-0.0 495.0 375.16595 374.4 -0.0 -0.0 -0.0 -0.0 -0.0 -0.0 <END>
-0.0 495.0 378.37057 434.7 -0.0 -0.0 -0.0 -0.0 -0.0 -0.0 <END>
-0.0 495.0 382.12663 434.7 -0.0 -0.0 -0.0 -0.0 -0.0 -0.0 <END>
-0.0 495.0 381.22733 374.4 -0.0 -0.0 -0.0 -0.0 -0.0 -0.0 <END>
-0.0 495.0 373.37575 375.3 -0.0 -0.0 -0.0 -0.0 -0.0 -0.0 <END>
-0.0 495.0 377.28053 434.7 -0.0 -0.0 -0.0 -0.0 -0.0 -0.0 <END>
-0.0 495.0 382.09088 434.7 -0.0 -0.0 -0.0 -0.0 -0.0 -0.0 <END>
-0.0 495.0 377.21517 314.1 -0.0 -0.0 -0.0 -0.0 -0.0 -0.0 <END>
-0.0 495.0 378.01708 315.0 -0.0 -0.0 -0.0 -0.0 -0.0 -0.0 <END>
-0.0 495.0 391.41687 434.7 -0.0 -0.0 -0.0 -0.0 -0.0 -0.0 <END>
-0.0 495.0 381.40997 315.0 -0.0 -0.0 -0.0 -0.0 -0.0 -0.0 <END>
-0.0 495.0 385.67741 495.0 -0.0 -0.0 -0.0 -0.0 -0.0 -0.0 <END>
-0.0 495.0 383.39592 374.4 -0.0 -0.0 -0.0 -0.0 -0.0 -0.0 <END>
-0.0 495.0 381.04307 434.7 -0.0 -0.0 -0.0 -0.0 -0.0 -0.0 <END>
-0.0 495.0 386.02141 435.6 -0.0 -0.0 -0.0 -0.0 -0.0 -0.0 <END>
-0.0 495.0 380.3359 315.0 -0.0 -0.0 -0.0 -0.0 -0.0 -0.0 <END>
-0.0 495.0 390.45825 434.7 -0.0 -0.0 -0.0 -0.0 -0.0 -0.0 <END>
-0.0 495.0 382.09276 434.7 -0.0 -0.0 -0.0 -0.0 -0.0 -0.0 <END>
-0.0 495.0 387.20335 495.0 -0.0 -0.0 -0.0 -0.0 -0.0 -0.0 <END>
-0.0 495.0 383.37523 255.6 -0.0 -0.0 -0.0 -0.0 -0.0 -0.0 <END>
-0.0 495.0 378.76299 255.6 -0.0 -0.0 -0.0 -0.0 -0.0 -0.0 <END>
-0.0 495.0 380.88698 434.7 -0.0 -0.0 -0.0 -0.0 -0.0 -0.0 <END>
-0.0 495.0 380.96735 374.4 -0.0 -0.0 -0.0 -0.0 -0.0 -0.0 <END>
-0.0 495.0 370.24597 434.7 -0.0 -0.0 -0.0 -0.0 -0.0 -0.0 <END>
-0.0 495.0 372.95252 315.0 -0.0 -0.0 -0.0 -0.0 -0.0 -0.0 <END>
-0.0 495.0 381.47798 495.0 -0.0 -0.0 -0.0 -0.0 -0.0 -0.0 <END>
-0.0 495.0 377.94933 434.7 -0.0 -0.0 -0.0 -0.0 -0.0 -0.0 <END>
-0.0 495.0 385.64117 315.9 -0.0 -0.0 -0.0 -0.0 -0.0 -0.0 <END>
-0.0 495.0 380.7879 314.1 -0.0 -0.0 -0.0 -0.0 -0.0 -0.0 <END>
-0.0 495.0 371.39964 374.4 -0.0 -0.0 -0.0 -0.0 -0.0 -0.0 <END>
-0.0 495.0 387.6605 315.9 -0.0 -0.0 -0.0 -0.0 -0.0 -0.0 <END>
-0.0 495.0 382.75619 375.3 -0.0 -0.0 -0.0 -0.0 -0.0 -0.0 <END>
-0.0 495.0 376.87852 495.0 -0.0 -0.0 -0.0 -0.0 -0.0 -0.0 <END>
-0.0 495.0 376.95919 495.0 -0.0 -0.0 -0.0 -0.0 -0.0 -0.0 <END>
-0.0 495.0 373.04296 495.0 -0.0 -0.0 -0.0 -0.0 -0.0 -0.0 <END>
-0.0 495.0 379.34701 495.0 -0.0 -0.0 -0.0 -0.0 -0.0 -0.0 <END>
-0.0 495.0 382.61765 434.7 -0.0 -0.0 -0.0 -0.0 -0.0 -0.0 <END>
-0.0 495.0 376.94259 315.0 -0.0 -0.0 -0.0 -0.0 -0.0 -0.0 <END>
-0.0 495.0 369.47372 495.0 -0.0 -0.0 -0.0 -0.0 -0.0 -0.0 <END>
-0.0 495.0 380.23804 434.7 -0.0 -0.0 -0.0 -0.0 -0.0 -0.0 <END>
-0.0 495.0 384.04722 495.0 -0.0 -0.0 -0.0 -0.0 -0.0 -0.0 <END>
-0.0 495.0 381.57907 495.0 -0.0 -0.0 -0.0 -0.0 -0.0 -0.0 <END>
-0.0 495.0 372.27583 495.0 -0.0 -0.0 -0.0 -0.0 -0.0 -0.0 <END>
-0.0 495.0 392.4786 495.0 -0.0 -0.0 -0.0 -0.0 -0.0 -0.0 <END>
-0.0 495.0 375.00069 435.6 -0.0 -0.0 -0.0 -0.0 -0.0 -0.0 <END>
-0.0 495.0 387.7281 495.0 -0.0 -0.0 -0.0 -0.0 -0.0 -0.0 <END>
-0.0 495.0 383.17153 435.6 -0.0 -0.0 -0.0 -0.0 -0.0 -0.0 <END>
-0.0 495.0 377.15772 373.5 -0.0 -0.0 -0.0 -0.0 -0.0 -0.0 <END>
-0.0 495.0 376.00171 495.0 -0.0 -0.0 -0.0 -0.0 -0.0 -0.0 <END>
-0.0 495.0 375.09646 374.4 -0.0 -0.0 -0.0 -0.0 -0.0 -0.0 <END>
-0.0 495.0 369.8707 254.7 -0.0 -0.0 -0.0 -0.0 -0.0 -0.0 <END>
-0.0 495.0 372.7806 495.0 -0.0 -0.0 -0.0 -0.0 -0.0 -0.0 <END>
-0.0 495.0 367.61187 253.79999 -0.0 -0.0 -0.0 -0.0 -0.0 -0.0 <END>
-0.0 495.0 377.95957 254.7 -0.0 -0.0 -0.0 -0.0 -0.0 -0.0 <END>
-0.0 495.0 380.30753 435.6 -0.0 -0.0 -0.0 -0.0 -0.0 -0.0 <END>
-0.0 495.0 373.49831 374.4 -0.0 -0.0 -0.0 -0.0 -0.0 -0.0 <END>
-0.0 495.0 377.30765 315.0 -0.0 -0.0 -0.0 -0.0 -0.0 -0.0 <END>
-0.0 495.0 371.41019 374.4 -0.0 -0.0 -0.0 -0.0 -0.0 -0.0 <END>
-0.0 495.0 388.8982 434.7 -0.0 -0.0 -0.0 -0.0 -0.0 -0.0 <END>
-0.0 495.0 386.84494 495.0 -0.0 -0.0 -0.0 -0.0 -0.0 -0.0 <END>
-0.0 495.0 374.95051 254.7 -0.0 -0.0 -0.0 -0.0 -0.0 -0.0 <END>
-0.0 495.0 383.21728 495.0 -0.0 -0.0 -0.0 -0.0 -0.0 -0.0 <END>
-0.0 495.0 381.90309 495.0 -0.0 -0.0 -0.0 -0.0 -0.0 -0.0 <END>
-0.0 495.0 373.64111 495.0 -0.0 -0.0 -0.0 -0.0 -0.0 -0.0 <END>
-0.0 495.0 368.83829 194.39999 -0.0 -0.0 -0.0 -0.0 -0.0 -0.0 <END>
-0.0 495.0 381.68901 315.0 -0.0 -0.0 -0.0 -0.0 -0.0 -0.0 <END>
-0.0 495.0 370.72615 193.49999 -0.0 -0.0 -0.0 -0.0 -0.0 -0.0 <END>
-0.0 495.0 376.63641 495.0 -0.0 -0.0 -0.0 -0.0 -0.0 -0.0 <END>
-0.0 495.0 371.37796 495.0 -0.0 -0.0 -0.0 -0.0 -0.0 -0.0 <END>
-0.0 495.0 390.24583 495.0 -0.0 -0.0 -0.0 -0.0 -0.0 -0.0 <END>
-0.0 495.0 371.07544 495.0 -0.0 -0.0 -0.0 -0.0 -0.0 -0.0 <END>
-0.0 495.0 380.47742 375.3 -0.0 -0.0 -0.0 -0.0 -0.0 -0.0 <END>
-0.0 495.0 385.25881 375.3 -0.0 -0.0 -0.0 -0.0 -0.0 -0.0 <END>
-0.0 495.0 377.9086 495.0 -0.0 -0.0 -0.0 -0.0 -0.0 -0.0 <END>
-0.0 495.0 375.37093 196.2 -0.0 -0.0 -0.0 -0.0 -0.0 -0.0 <END>
-0.0 495.0 383.54965 315.0 -0.0 -0.0 -0.0 -0.0 -0.0 -0.0 <END>
-0.0 495.0 371.26924 495.0 -0.0 -0.0 -0.0 -0.0 -0.0 -0.0 <END>
-0.0 495.0 375.8074 434.7 -0.0 -0.0 -0.0 -0.0 -0.0 -0.0 <END>
-0.0 495.0 377.33268 254.7 -0.0 -0.0 -0.0 -0.0 -0.0 -0.0 <END>
-0.0 495.0 379.71173 314.1 -0.0 -0.0 -0.0 -0.0 -0.0 -0.0 <END>
-0.0 495.0 385.87658 495.0 -0.0 -0.0 -0.0 -0.0 -0.0 -0.0 <END>
-0.0 495.0 396.9277 495.0 -0.0 -0.0 -0.0 -0.0 -0.0 -0.0 <END>
-0.0 495.0 375.79062 495.0 -0.0 -0.0 -0.0 -0.0 -0.0 -0.0 <END>
-0.0 495.0 372.26912 434.7 -0.0 -0.0 -0.0 -0.0 -0.0 -0.0 <END>
-0.0 495.0 383.7563 253.79999 -0.0 -0.0 -0.0 -0.0 -0.0 -0.0 <END>
-0.0 495.0 372.85145 435.6 -0.0 -0.0 -0.0 -0.0 -0.0 -0.0 <END>
-0.0 495.0 386.2905 434.7 -0.0 -0.0 -0.0 -0.0 -0.0 -0.0 <END>
-0.0 495.0 380.57963 253.79999 -0.0 -0.0 -0.0 -0.0 -0.0 -0.0 <END>
-0.0 495.0 383.03698 495.0 -0.0 -0.0 -0.0 -0.0 -0.0 -0.0 <END>
-0.0 495.0 383.32105 255.6 -0.0 -0.0 -0.0 -0.0 -0.0 -0.0 <END>
-0.0 495.0 372.87364 314.1 -0.0 -0.0 -0.0 -0.0 -0.0 -0.0 <END>
-0.0 495.0 376.19645 434.7 -0.0 -0.0 -0.0 -0.0 -0.0 -0.0 <END>
-0.0 495.0 380.79536 434.7 -0.0 -0.0 -0.0 -0.0 -0.0 -0.0 <END>
-0.0 495.0 386.09294 495.0 -0.0 -0.0 -0.0 -0.0 -0.0 -0.0 <END>
-0.0 495.0 376.93441 434.7 -0.0 -0.0 -0.0 -0.0 -0.0 -0.0 <END>
-0.0 495.0 376.1771 495.0 -0.0 -0.0 -0.0 -0.0 -0.0 -0.0 <END>
-0.0 495.0 381.26284 495.0 -0.0 -0.0 -0.0 -0.0 -0.0 -0.0 <END>
-0.0 495.0 383.8035 495.0 -0.0 -0.0 -0.0 -0.0 -0.0 -0.0 <END>
-0.0 495.0 382.96201 434.7 -0.0 -0.0 -0.0 -0.0 -0.0 -0.0 <END>
-0.0 495.0 379.81723 434.7 -0.0 -0.0 -0.0 -0.0 -0.0 -0.0 <END>
-0.0 495.0 385.97662 495.0 -0.0 -0.0 -0.0 -0.0 -0.0 -0.0 <END>
-0.0 495.0 382.45298 495.0 -0.0 -0.0 -0.0 -0.0 -0.0 -0.0 <END>
-0.0 495.0 385.12356 434.7 -0.0 -0.0 -0.0 -0.0 -0.0 -0.0 <END>
-0.0 495.0 384.42284 495.0 -0.0 -0.0 -0.0 -0.0 -0.0 -0.0 <END>
-0.0 495.0 396.09102 495.0 -0.0 -0.0 -0.0 -0.0 -0.0 -0.0 <END>
-0.0 495.0 383.89032 375.3 -0.0 -0.0 -0.0 -0.0 -0.0 -0.0 <END>
-0.0 495.0 381.90497 495.0 -0.0 -0.0 -0.0 -0.0 -0.0 -0.0 <END>
-0.0 495.0 375.76508 374.4 -0.0 -0.0 -0.0 -0.0 -0.0 -0.0 <END>
-0.0 495.0 385.39681 315.0 -0.0 -0.0 -0.0 -0.0 -0.0 -0.0 <END>
-0.0 495.0 380.60153 374.4 -0.0 -0.0 -0.0 -0.0 -0.0 -0.0 <END>
-0.0 495.0 390.27135 495.0 -0.0 -0.0 -0.0 -0.0 -0.0 -0.0 <END>
-0.0 495.0 383.68884 434.7 -0.0 -0.0 -0.0 -0.0 -0.0 -0.0 <END>
-0.0 495.0 388.48982 495.0 -0.0 -0.0 -0.0 -0.0 -0.0 -0.0 <END>
-0.0 495.0 388.16833 495.0 -0.0 -0.0 -0.0 -0.0 -0.0 -0.0 <END>
-0.0 495.0 384.71641 495.0 -0.0 -0.0 -0.0 -0.0 -0.0 -0.0 <END>
-0.0 495.0 389.68395 315.0 -0.0 -0.0 -0.0 -0.0 -0.0 -0.0 <END>
-0.0 495.0 382.62603 435.6 -0.0 -0.0 -0.0 -0.0 -0.0 -0.0 <END>
-0.0 495.0 380.2353 375.3 -0.0 -0.0 -0.0 -0.0 -0.0 -0.0 <END>
-0.0 495.0 382.31894 495.0 -0.0 -0.0 -0.0 -0.0 -0.0 -0.0 <END>
-0.0 495.0 389.53561 495.0 -0.0 -0.0 -0.0 -0.0 -0.0 -0.0 <END>
-0.0 495.0 390.65777 435.6 -0.0 -0.0 -0.0 -0.0 -0.0 -0.0 <END>
-0.0 495.0 377.15093 374.4 -0.0 -0.0 -0.0 -0.0 -0.0 -0.0 <END>
-0.0 495.0 396.04836 495.0 -0.0 -0.0 -0.0 -0.0 -0.0 -0.0 <END>
-0.0 495.0 384.75448 374.4 -0.0 -0.0 -0.0 -0.0 -0.0 -0.0 <END>
-0.0 495.0 389.05507 375.3 -0.0 -0.0 -0.0 -0.0 -0.0 -0.0 <END>
-0.0 495.0 393.31537 434.7 -0.0 -0.0 -0.0 -0.0 -0.0 -0.0 <END>
-0.0 495.0 388.6031 253.79999 -0.0 -0.0 -0.0 -0.0 -0.0 -0.0 <END>
-0.0 495.0 393.18562 376.2 -0.0 -0.0 -0.0 -0.0 -0.0 -0.0 <END>
-0.0 495.0 386.92441 252.89999 -0.0 -0.0 -0.0 -0.0 -0.0 -0.0 <END>
-0.0 495.0 388.31663 315.0 -0.0 -0.0 -0.0 -0.0 -0.0 -0.0 <END>
-0.0 495.0 376.67149 315.0 -0.0 -0.0 -0.0 -0.0 -0.0 -0.0 <END>
-0.0 495.0 389.59324 314.1 -0.0 -0.0 -0.0 -0.0 -0.0 -0.0 <END>
-0.0 495.0 384.63375 315.0 -0.0 -0.0 -0.0 -0.0 -0.0 -0.0 <END>
-0.0 495.0 390.21605 375.3 -0.0 -0.0 -0.0 -0.0 -0.0 -0.0 <END>
-0.0 495.0 389.18834 374.4 -0.0 -0.0 -0.0 -0.0 -0.0 -0.0 <END>
-0.0 495.0 396.47575 434.7 -0.0 -0.0 -0.0 -0.0 -0.0 -0.0 <END>
-0.0 495.0 392.53196 495.0 -0.0 -0.0 -0.0 -0.0 -0.0 -0.0 <END>
-0.0 495.0 388.34578 374.4 -0.0 -0.0 -0.0 -0.0 -0.0 -0.0 <END>
-0.0 495.0 397.04093 495.0 -0.0 -0.0 -0.0 -0.0 -0.0 -0.0 <END>
-0.0 495.0 389.1748 495.0 -0.0 -0.0 -0.0 -0.0 -0.0 -0.0 <END>
-0.0 495.0 396.56569 435.6 -0.0 -0.0 -0.0 -0.0 -0.0 -0.0 <END>
-0.0 495.0 384.31405 315.0 -0.0 -0.0 -0.0 -0.0 -0.0 -0.0 <END>
-0.0 495.0 390.36234 253.79999 -0.0 -0.0 -0.0 -0.0 -0.0 -0.0 <END>
-0.0 495.0 389.63106 314.1 -0.0 -0.0 -0.0 -0.0 -0.0 -0.0 <END>
-0.0 495.0 388.28741 375.3 -0.0 -0.0 -0.0 -0.0 -0.0 -0.0 <END>
-0.0 495.0 392.35657 315.0 -0.0 -0.0 -0.0 -0.0 -0.0 -0.0 <END>
-0.0 495.0 406.09523 495.0 -0.0 -0.0 -0.0 -0.0 -0.0 -0.0 <END>
-0.0 495.0 397.71408 374.4 -0.0 -0.0 -0.0 -0.0 -0.0 -0.0 <END>
-0.0 495.0 399.07474 375.3 -0.0 -0.0 -0.0 -0.0 -0.0 -0.0 <END>
-0.0 495.0 393.41293 314.1 -0.0 -0.0 -0.0 -0.0 -0.0 -0.0 <END>
-0.0 495.0 402.27035 495.0 -0.0 -0.0 -0.0 -0.0 -0.0 -0.0 <END>
-0.0 495.0 399.55494 495.0 -0.0 -0.0 -0.0 -0.0 -0.0 -0.0 <END>
-0.0 495.0 386.41296 434.7 -0.0 -0.0 -0.0 -0.0 -0.0 -0.0 <END>
-0.0 495.0 401.03918 315.9 -0.0 -0.0 -0.0 -0.0 -0.0 -0.0 <END>
-0.0 495.0 391.64088 314.1 -0.0 -0.0 -0.0 -0.0 -0.0 -0.0 <END>
-0.0 495.0 385.42729 434.7 -0.0 -0.0 -0.0 -0.0 -0.0 -0.0 <END>
-0.0 495.0 397.87024 495.0 -0.0 -0.0 -0.0 -0.0 -0.0 -0.0 <END>
-0.0 495.0 399.41214 434.7 -0.0 -0.0 -0.0 -0.0 -0.0 -0.0 <END>
-0.0 495.0 402.99388 495.0 -0.0 -0.0 -0.0 -0.0 -0.0 -0.0 <END>
-0.0 495.0 394.11867 495.0 -0.0 -0.0 -0.0 -0.0 -0.0 -0.0 <END>
-0.0 495.0 398.21985 374.4 -0.0 -0.0 -0.0 -0.0 -0.0 -0.0 <END>
-0.0 495.0 401.98659 495.0 -0.0 -0.0 -0.0 -0.0 -0.0 -0.0 <END>
-0.0 495.0 402.22929 374.4 -0.0 -0.0 -0.0 -0.0 -0.0 -0.0 <END>
-0.0 495.0 405.52128 434.7 -0.0 -0.0 -0.0 -0.0 -0.0 -0.0 <END>
-0.0 495.0 400.13203 495.0 -0.0 -0.0 -0.0 -0.0 -0.0 -0.0 <END>
-0.0 495.0 391.55864 374.4 -0.0 -0.0 -0.0 -0.0 -0.0 -0.0 <END>
-0.0 495.0 397.43919 495.0 -0.0 -0.0 -0.0 -0.0 -0.0 -0.0 <END>
-0.0 495.0 398.70709 375.3 -0.0 -0.0 -0.0 -0.0 -0.0 -0.0 <END>
-0.0 495.0 398.26146 375.3 -0.0 -0.0 -0.0 -0.0 -0.0 -0.0 <END>
-0.0 495.0 397.23963 495.0 -0.0 -0.0 -0.0 -0.0 -0.0 -0.0 <END>
-0.0 495.0 395.60983 495.0 -0.0 -0.0 -0.0 -0.0 -0.0 -0.0 <END>
